8500.0 0.050515
8505.0 0.049743
8510.0 0.053092999999999994
8515.0 0.051417
8520.0 0.054983000000000004
8525.0 0.053209000000000006
8530.0 0.053284000000000005
8535.0 0.048484
8540.0 0.055586
8545.0 0.049358
8550.0 0.053026
8555.0 0.053795
8560.0 0.054348
8565.0 0.05008
8570.0 0.055435000000000005
8575.0 0.05292
8580.0 0.052256
8585.0 0.051026999999999996
8590.0 0.052841
8595.0 0.052985000000000004
8600.0 0.051908
8605.0 0.049905
8610.0 0.050905
8615.0 0.052341
8620.0 0.049525
8625.0 0.054355999999999995
8630.0 0.054278
8635.0 0.049602999999999994
8640.0 0.04942
8645.0 0.052426
8650.0 0.049587
8655.0 0.052394
8660.0 0.053692
8665.0 0.050134
8670.0 0.050168
8675.0 0.050443
8680.0 0.05413099999999999
8685.0 0.051542
8690.0 0.049138999999999995
8695.0 0.051662
8700.0 0.051903
8705.0 0.046537
8710.0 0.055412
8715.0 0.051273
8720.0 0.053716999999999994
8725.0 0.051047
8730.0 0.051875
8735.0 0.050804
8740.0 0.053016999999999995
8745.0 0.05041
8750.0 0.048933
8755.0 0.047227
8760.0 0.053748000000000004
8765.0 0.050773
8770.0 0.051193
8775.0 0.05185
8780.0 0.049658
8785.0 0.049365
8790.0 0.054224
8795.0 0.049569999999999996
8800.0 0.047697
8805.0 0.053361
8810.0 0.050998
8815.0 0.051351
8820.0 0.051904
8825.0 0.050466000000000004
8830.0 0.052752
8835.0 0.048987
8840.0 0.056647
8845.0 0.052601999999999996
8850.0 0.0535
8855.0 0.047318
8860.0 0.052316999999999995
8865.0 0.050288
8870.0 0.05097
8875.0 0.054208000000000006
8880.0 0.050712
8885.0 0.054358000000000004
8890.0 0.053183
8895.0 0.050950999999999996
8900.0 0.052613
8905.0 0.050365
8910.0 0.05271900000000001
8915.0 0.053924
8920.0 0.052326
8925.0 0.053616
8930.0 0.049371
8935.0 0.048275
8940.0 0.050968
8945.0 0.054456
8950.0 0.051355
8955.0 0.052694000000000005
8960.0 0.052124000000000004
8965.0 0.054216999999999994
8970.0 0.056459
8975.0 0.055221000000000006
8980.0 0.060559
8985.0 0.048873
8990.0 0.05575700000000001
8995.0 0.056611
9000.0 0.057696000000000004
9005.0 0.052384
9010.0 0.054699
9015.0 0.053135
9020.0 0.055815
9025.0 0.056138
9030.0 0.055533000000000006
9035.0 0.05235
9040.0 0.051699
9045.0 0.057244
9050.0 0.05734500000000001
9055.0 0.05662999999999999
9060.0 0.056576999999999995
9065.0 0.055707000000000007
9070.0 0.060397
9075.0 0.055996000000000004
9080.0 0.055178
9085.0 0.058626
9090.0 0.055117
9095.0 0.058467
9100.0 0.056126999999999996
9105.0 0.05542999999999999
9110.0 0.055142
9115.0 0.055837
9120.0 0.053986
9125.0 0.054213
9130.0 0.055902
9135.0 0.056367999999999994
9140.0 0.05519299999999999
9145.0 0.060815
9150.0 0.055965
9155.0 0.05724
9160.0 0.053646000000000006
9165.0 0.055371000000000004
9170.0 0.056264999999999996
9175.0 0.057134000000000004
9180.0 0.057549
9185.0 0.057587
9190.0 0.055666999999999994
9195.0 0.056121000000000004
9200.0 0.056839
9205.0 0.058512
9210.0 0.056061
9215.0 0.057540999999999995
9220.0 0.06154400000000001
9225.0 0.064375
9230.0 0.061032
9235.0 0.06337899999999999
9240.0 0.062341999999999995
9245.0 0.061559
9250.0 0.060367
9255.0 0.065035
9260.0 0.06601699999999999
9265.0 0.06942899999999999
9270.0 0.069148
9275.0 0.073526
9280.0 0.073681
9285.0 0.070439
9290.0 0.07661
9295.0 0.079372
9300.0 0.083981
9305.0 0.088641
9310.0 0.091529
9315.0 0.09109199999999999
9320.0 0.096479
9325.0 0.104584
9330.0 0.11124200000000001
9335.0 0.114843
9340.0 0.12201
9345.0 0.133496
9350.0 0.140205
9355.0 0.150885
9360.0 0.166854
9365.0 0.18193199999999998
9370.0 0.197055
9375.0 0.212213
9380.0 0.23220500000000002
9385.0 0.25672399999999995
9390.0 0.277832
9395.0 0.305824
9400.0 0.327364
9405.0 0.36034299999999997
9410.0 0.391916
9415.0 0.431175
9420.0 0.468413
9425.0 0.501153
9430.0 0.5460020000000001
9435.0 0.582859
9440.0 0.631078
9445.0 0.676389
9450.0 0.721288
9455.0 0.770966
9460.0 0.81602
9465.0 0.875461
9470.0 0.9308059999999999
9475.0 0.987333
9480.0 1.047195
9485.0 1.115198
9490.0 1.182593
9495.0 1.255911
9500.0 1.339275
9505.0 1.429737
9510.0 1.520797
9515.0 1.627553
9520.0 1.733542
9525.0 1.8684209999999999
9530.0 2.001537
9535.0 2.169076
9540.0 2.348559
9545.0 2.539523
9550.0 2.7762759999999997
9555.0 2.996041
9560.0 3.296072
9565.0 3.602568
9570.0 3.974299
9575.0 4.416725
9580.0 4.860608
9585.0 5.417537
9590.0 5.965127
9595.0 6.7180539999999995
9600.0 7.504903
9605.0 8.434229
9610.0 9.558872000000001
9615.0 10.68205
9620.0 12.09302
9625.0 13.60617
9630.0 15.525620000000002
9635.0 17.586470000000002
9640.0 19.93035
9645.0 22.66999
9650.0 25.36534
9655.0 28.76258
9660.0 32.38241
9665.0 36.41722
9670.0 40.82645
9675.0 45.19935
9680.0 49.94141
9685.0 54.36675
9690.0 59.52373000000001
9695.0 64.36254
9700.0 69.00838
9705.0 73.60789
9710.0 77.4459
9715.0 81.21339
9720.0 84.36724
9725.0 87.44974
9730.0 89.90373000000001
9735.0 91.92153
9740.0 93.64411
9745.0 94.87368000000001
9750.0 96.03007
9755.0 96.87658
9760.0 97.56177
9765.0 98.06586
9770.0 98.42854
9775.0 98.71037
9780.0 98.90196999999999
9785.0 99.05419
9790.0 99.15593
9795.0 99.2389
9800.0 99.30193
9805.0 99.33776999999999
9810.0 99.35484
9815.0 99.36425
9820.0 99.3518
9825.0 99.3546
9830.0 99.33885
9835.0 99.32088
9840.0 99.30973
9845.0 99.29803000000001
9850.0 99.28638000000001
9855.0 99.27198
9860.0 99.258
9865.0 99.24039
9870.0 99.22780999999999
9875.0 99.23443
9880.0 99.22832
9885.0 99.23721
9890.0 99.25146
9895.0 99.26673000000001
9900.0 99.27885
9905.0 99.28744
9910.0 99.28432
9915.0 99.29343
9920.0 99.3054
9925.0 99.30623
9930.0 99.30598
9935.0 99.29523
9940.0 99.30653000000001
9945.0 99.29539
9950.0 99.2711
9955.0 99.24068
9960.0 99.22615
9965.0 99.20628
9970.0 99.1859
9975.0 99.16718
9980.0 99.15119
9985.0 99.1496
9990.0 99.14671
9995.0 99.14175
10000.0 99.12012
10005.0 99.1208
10010.0 99.13677
10015.0 99.1517
10020.0 99.16814000000001
10025.0 99.18784000000001
10030.0 99.19849
10035.0 99.22762
10040.0 99.2461
10045.0 99.24771
10050.0 99.25698
10055.0 99.27122
10060.0 99.28224
10065.0 99.29153000000001
10070.0 99.29573
10075.0 99.29576999999999
10080.0 99.29495
10085.0 99.28339
10090.0 99.27642
10095.0 99.25397
10100.0 99.25123
10105.0 99.24019
10110.0 99.23872
10115.0 99.22698000000001
10120.0 99.20952
10125.0 99.19331
10130.0 99.18587
10135.0 99.17522
10140.0 99.15284
10145.0 99.13976
10150.0 99.12552
10155.0 99.11573
10160.0 99.10956999999999
10165.0 99.08518000000001
10170.0 99.06657
10175.0 99.05493
10180.0 99.03293000000001
10185.0 99.02784
10190.0 99.00465
10195.0 99.00063
10200.0 98.97784
10205.0 98.97536
10210.0 98.96506
10215.0 98.9464
10220.0 98.95607
10225.0 98.95666999999999
10230.0 98.96244
10235.0 98.98219
10240.0 98.99435
10245.0 99.01455
10250.0 99.04898
10255.0 99.06465
10260.0 99.08317
10265.0 99.11004
10270.0 99.14491
10275.0 99.1699
10280.0 99.19713
10285.0 99.21372
10290.0 99.23637
10295.0 99.25726
10300.0 99.25534
10305.0 99.27394
10310.0 99.27296
10315.0 99.26905
10320.0 99.26844
10325.0 99.25858000000001
10330.0 99.2532
10335.0 99.24075
10340.0 99.23289
10345.0 99.2204
10350.0 99.21143000000001
10355.0 99.1888
10360.0 99.18876999999999
10365.0 99.18595
10370.0 99.18378
10375.0 99.19395
10380.0 99.19285
10385.0 99.19743000000001
10390.0 99.21191999999999
10395.0 99.22776999999999
10400.0 99.23512
10405.0 99.24788000000001
10410.0 99.26702
10415.0 99.2885
10420.0 99.29735
10425.0 99.30426999999999
10430.0 99.30833
10435.0 99.31832
10440.0 99.31886
10445.0 99.3033
10450.0 99.29843000000001
10455.0 99.28558000000001
10460.0 99.26961999999999
10465.0 99.23769
10470.0 99.20097
10475.0 99.17200000000001
10480.0 99.14875
10485.0 99.10566
10490.0 99.08286
10495.0 99.05293
10500.0 99.0396
10505.0 99.02525
10510.0 99.01945
10515.0 99.02582
10520.0 99.03948000000001
10525.0 99.07226999999999
10530.0 99.11334000000001
10535.0 99.16105999999999
10540.0 99.22076
10545.0 99.28636
10550.0 99.35975
10555.0 99.4249
10560.0 99.45053
10565.0 99.44836
10570.0 99.41904
10575.0 99.32869000000001
10580.0 99.12907
10585.0 98.83391999999999
10590.0 98.37194000000001
10595.0 97.72091999999999
10600.0 96.94806
10605.0 95.86856999999999
10610.0 94.55379
10615.0 92.81705
10620.0 90.80864
10625.0 88.42108
10630.0 85.64244000000001
10635.0 82.86879
10640.0 79.31136
10645.0 75.65343
10650.0 71.61223000000001
10655.0 67.25078
10660.0 63.14595
10665.0 58.84907
10670.0 54.824090000000005
10675.0 50.24179
10680.0 46.170359999999995
10685.0 42.0598
10690.0 38.17904
10695.0 34.88985
10700.0 31.552429999999998
10705.0 28.649309999999996
10710.0 25.68305
10715.0 23.11789
10720.0 20.79429
10725.0 18.67374
10730.0 16.93554
10735.0 15.14947
10740.0 13.66405
10745.0 12.25951
10750.0 10.99993
10755.0 9.938068
10760.0 8.97532
10765.0 8.158628
10770.0 7.320253
10775.0 6.643775
10780.0 6.00074
10785.0 5.413613
10790.0 4.948519999999999
10795.0 4.493316
10800.0 4.102386
10805.0 3.717826
10810.0 3.3946669999999997
10815.0 3.096733
10820.0 2.819652
10825.0 2.599481
10830.0 2.374551
10835.0 2.1808240000000003
10840.0 1.999394
10845.0 1.8300319999999999
10850.0 1.6909880000000002
10855.0 1.557525
10860.0 1.446664
10865.0 1.329019
10870.0 1.23084
10875.0 1.1362290000000002
10880.0 1.052994
10885.0 0.9850180000000001
10890.0 0.9076549999999999
10895.0 0.850242
10900.0 0.785079
10905.0 0.740661
10910.0 0.684592
10915.0 0.6433220000000001
10920.0 0.602635
10925.0 0.563338
10930.0 0.5303100000000001
10935.0 0.495626
10940.0 0.463345
10945.0 0.43967399999999995
10950.0 0.412463
10955.0 0.39066100000000004
10960.0 0.370037
10965.0 0.34581
10970.0 0.330297
10975.0 0.310225
10980.0 0.297666
10985.0 0.281785
10990.0 0.267571
10995.0 0.252817
11000.0 0.244342
11005.0 0.235486
11010.0 0.220523
11015.0 0.21483000000000002
11020.0 0.203092
11025.0 0.196192
11030.0 0.18719
11035.0 0.178305
11040.0 0.172308
11045.0 0.167187
11050.0 0.158274
11055.0 0.157824
11060.0 0.14677
11065.0 0.144215
11070.0 0.141057
11075.0 0.135149
11080.0 0.130672
11085.0 0.126611
11090.0 0.12308800000000002
11095.0 0.11981300000000002
11100.0 0.117086
11105.0 0.11509100000000001
11110.0 0.10958
11115.0 0.10746199999999999
11120.0 0.10643699999999999
11125.0 0.10471400000000002
11130.0 0.09994
11135.0 0.09717
11140.0 0.09724400000000001
11145.0 0.095902
11150.0 0.09422699999999999
11155.0 0.090181
11160.0 0.090304
11165.0 0.08248899999999999
11170.0 0.084152
11175.0 0.082004
11180.0 0.083967
11185.0 0.078945
11190.0 0.081761
11195.0 0.078984
11200.0 0.077295
11205.0 0.076896
11210.0 0.078497
11215.0 0.073521
11220.0 0.069641
11225.0 0.074525
11230.0 0.072783
11235.0 0.06740299999999999
11240.0 0.068102
11245.0 0.066057
11250.0 0.068784
11255.0 0.068707
11260.0 0.065287
11265.0 0.06734
11270.0 0.06586499999999999
11275.0 0.06503300000000001
11280.0 0.06134
11285.0 0.061942
11290.0 0.063937
11295.0 0.059267999999999994
11300.0 0.059787
11305.0 0.063174
11310.0 0.05946
11315.0 0.062147
11320.0 0.059052999999999994
11325.0 0.056844000000000006
11330.0 0.057501
11335.0 0.056836000000000005
11340.0 0.059056
11345.0 0.05998099999999999
11350.0 0.05330599999999999
11355.0 0.053674
11360.0 0.056648000000000004
11365.0 0.054965999999999994
11370.0 0.05325800000000001
11375.0 0.055186
11380.0 0.056922
11385.0 0.051049000000000004
11390.0 0.057719000000000006
11395.0 0.060586
11400.0 0.053799
11405.0 0.055425999999999996
11410.0 0.055349
11415.0 0.053342999999999995
11420.0 0.053138
11425.0 0.056353999999999994
11430.0 0.053661
11435.0 0.05359
11440.0 0.051849
11445.0 0.048786
11450.0 0.050700999999999996
11455.0 0.051363
11460.0 0.052839
11465.0 0.054428
11470.0 0.052162
11475.0 0.053772
11480.0 0.052459000000000006
11485.0 0.05242
11490.0 0.051240999999999995
11495.0 0.051471
11500.0 0.050841000000000004
11505.0 0.053020000000000005
11510.0 0.051164
11515.0 0.050872
11520.0 0.050953
11525.0 0.049746
11530.0 0.051124
11535.0 0.04962
11540.0 0.050454
11545.0 0.051765
11550.0 0.053765
11555.0 0.054209
11560.0 0.051052999999999994
11565.0 0.050026
11570.0 0.050524
11575.0 0.05148099999999999
11580.0 0.049557
11585.0 0.050673
11590.0 0.04968
11595.0 0.052786
11600.0 0.049277999999999995
11605.0 0.048534
11610.0 0.050824
11615.0 0.053885
11620.0 0.04962
11625.0 0.049492
11630.0 0.049874
11635.0 0.052915
11640.0 0.05056
11645.0 0.053033000000000004
11650.0 0.049963
11655.0 0.04766
11660.0 0.046564999999999995
11665.0 0.049684
11670.0 0.049388
11675.0 0.049185
11680.0 0.048986
11685.0 0.047226
11690.0 0.050582
11695.0 0.047705000000000004
11700.0 0.045755000000000004
11705.0 0.051484
11710.0 0.046422000000000005
11715.0 0.047944
11720.0 0.049826
11725.0 0.045244
11730.0 0.049254
11735.0 0.04584
11740.0 0.045666000000000005
11745.0 0.049323
11750.0 0.049104
11755.0 0.050156
11760.0 0.04867
11765.0 0.047437
11770.0 0.049988
11775.0 0.049994
11780.0 0.045931
11785.0 0.05139
11790.0 0.051761
11795.0 0.046599
11800.0 0.050797
11805.0 0.049866
11810.0 0.046691
11815.0 0.051479
11820.0 0.047554
11825.0 0.047467
11830.0 0.046546
11835.0 0.048253
11840.0 0.048919
11845.0 0.052959000000000006
11850.0 0.047129000000000004
11855.0 0.045995999999999995
11860.0 0.049747
11865.0 0.050131999999999996
11870.0 0.050841000000000004
11875.0 0.049967000000000004
11880.0 0.048501
11885.0 0.048701999999999995
11890.0 0.047123000000000005
11895.0 0.048361
11900.0 0.048369
11905.0 0.046507
11910.0 0.048681999999999996
11915.0 0.045714
11920.0 0.046801999999999996
11925.0 0.050805
11930.0 0.046827999999999995
11935.0 0.04625
11940.0 0.047638
11945.0 0.054341999999999994
11950.0 0.048857
11955.0 0.047045
11960.0 0.050435
11965.0 0.049453
11970.0 0.047667
11975.0 0.047838
11980.0 0.046701
11985.0 0.047955000000000005
11990.0 0.047051
11995.0 0.049358
12000.0 0.049711
