1900.0 -0.00020824
1905.0 -0.000229795
1910.0 0.000122064
1915.0 -0.00013675799999999998
1920.0 6.75e-06
1925.0 -3.39e-05
1930.0 -3.4899999999999995e-05
1935.0 0.000122323
1940.0 2.8699999999999996e-05
1945.0 5.99e-05
1950.0 8.09e-05
1955.0 2.17e-05
1960.0 9.429999999999999e-05
1965.0 6.9e-05
1970.0 2.45e-05
1975.0 5.12e-06
1980.0 3.06e-05
1985.0 6.99e-05
1990.0 2.8999999999999997e-05
1995.0 2.9100000000000003e-05
2000.0 4.26e-05
2005.0 5.3700000000000004e-05
2010.0 5.11e-05
2015.0 1.65e-05
2020.0 3.31e-06
2025.0 2.71e-05
2030.0 1.56e-05
2035.0 7.099999999999999e-05
2040.0 4.99e-05
2045.0 3.17e-05
2050.0 5.7499999999999995e-05
2055.0 3.8299999999999996e-05
2060.0 1.62e-05
2065.0 4.48e-05
2070.0 8.63e-06
2075.0 8.06e-06
2080.0 4.02e-05
2085.0 2.35e-05
2090.0 2.34e-05
2095.0 9.39e-06
2100.0 4.8e-05
2105.0 2.8199999999999998e-05
2110.0 1.98e-05
2115.0 3.289999999999999e-05
2120.0 2.07e-05
2125.0 6.21e-06
2130.0 2.6600000000000003e-05
2135.0 4.270000000000001e-05
2140.0 2.17e-05
2145.0 1.23e-05
2150.0 4.3e-05
2155.0 2.48e-05
2160.0 3.24e-05
2165.0 9.81e-06
2170.0 1.56e-05
2175.0 7.63e-06
2180.0 3.46e-05
2185.0 2.17e-05
2190.0 3.3600000000000004e-05
2195.0 2.98e-05
2200.0 -6.89e-06
2205.0 4.41e-05
2210.0 2.09e-05
2215.0 3.11e-05
2220.0 2.9100000000000003e-05
2225.0 3.01e-05
2230.0 2.97e-05
2235.0 -9.65e-06
2240.0 3.15e-05
2245.0 2.8699999999999996e-05
2250.0 7.71e-06
2255.0 3.9899999999999994e-05
2260.0 3.64e-05
2265.0 2.6700000000000002e-05
2270.0 4.91e-07
2275.0 2.2899999999999998e-05
2280.0 6.11e-06
2285.0 9.800000000000001e-06
2290.0 2.0600000000000003e-05
2295.0 3.19e-05
2300.0 2.2800000000000002e-05
2305.0 4.1700000000000004e-05
2310.0 4.09e-05
2315.0 2.26e-05
2320.0 2.3899999999999998e-05
2325.0 1.9e-05
2330.0 1.34e-05
2335.0 1.8100000000000003e-05
2340.0 2.1e-05
2345.0 6.61e-06
2350.0 1.39e-05
2355.0 1.67e-05
2360.0 3.52e-05
2365.0 3.64e-05
2370.0 3.91e-05
2375.0 1.3800000000000002e-05
2380.0 2.2100000000000002e-05
2385.0 2.26e-05
2390.0 3.73e-05
2395.0 1.52e-05
2400.0 2.27e-05
2405.0 2.51e-05
2410.0 8.62e-06
2415.0 3.34e-05
2420.0 3.35e-05
2425.0 1.42e-05
2430.0 3.8299999999999996e-05
2435.0 4.52e-05
2440.0 5.2900000000000005e-05
2445.0 2.7399999999999995e-05
2450.0 3.84e-05
2455.0 2.2100000000000002e-05
2460.0 5.02e-06
2465.0 7.43e-05
2470.0 1.77e-05
2475.0 5.16e-05
2480.0 2.64e-05
2485.0 2.4100000000000003e-05
2490.0 3.43e-05
2495.0 2.75e-05
2500.0 3.3e-06
2505.0 2.12e-05
2510.0 3.53e-05
2515.0 3.59e-05
2520.0 1.4999999999999999e-05
2525.0 3.2500000000000004e-05
2530.0 3.63e-05
2535.0 3.0799999999999996e-05
2540.0 1.63e-05
2545.0 3.34e-05
2550.0 1.1900000000000001e-05
2555.0 4.05e-05
2560.0 2.3e-05
2565.0 3.12e-05
2570.0 4.2e-05
2575.0 6.21e-05
2580.0 -2.5300000000000002e-05
2585.0 -8.52e-05
2590.0 -3.5499999999999996e-05
2595.0 4.3799999999999994e-05
2600.0 3.1e-05
2605.0 2.46e-05
2610.0 2.55e-05
2615.0 3.4899999999999995e-05
2620.0 7.51e-06
2625.0 1.25e-05
2630.0 3.24e-05
2635.0 2.8899999999999998e-05
2640.0 2.6300000000000002e-05
2645.0 2.2100000000000002e-05
2650.0 5.3200000000000006e-05
2655.0 4.5600000000000004e-05
2660.0 1.4400000000000001e-05
2665.0 5.88e-06
2670.0 1.6e-06
2675.0 4.3799999999999994e-05
2680.0 1.53e-05
2685.0 4.15e-05
2690.0 1.51e-05
2695.0 1.4400000000000001e-05
2700.0 2.47e-05
2705.0 -4.01e-06
2710.0 3.19e-05
2715.0 2.49e-05
2720.0 3.03e-06
2725.0 -6.45e-06
2730.0 2.37e-05
2735.0 2.6000000000000002e-05
2740.0 1.9399999999999997e-05
2745.0 1.4499999999999998e-05
2750.0 -1.3000000000000001e-05
2755.0 2.24e-05
2760.0 2.2e-05
2765.0 3.21e-05
2770.0 2.7399999999999995e-05
2775.0 3.26e-05
2780.0 -2.95e-05
2785.0 4.03e-05
2790.0 2.73e-07
2795.0 1.42e-05
2800.0 3.2200000000000003e-05
2805.0 6.720000000000001e-05
2810.0 1.62e-05
2815.0 1.3800000000000002e-05
2820.0 1.55e-05
2825.0 3.75e-05
2830.0 1.4800000000000002e-05
2835.0 3.5e-05
2840.0 4.79e-05
2845.0 1.24e-05
2850.0 3.39e-05
2855.0 3.04e-05
2860.0 3.37e-05
2865.0 1.66e-05
2870.0 1.58e-05
2875.0 2.2100000000000002e-05
2880.0 5.610000000000001e-05
2885.0 -1.94e-07
2890.0 4.3200000000000007e-05
2895.0 6.08e-05
2900.0 7.000000000000001e-06
2905.0 2.8199999999999998e-05
2910.0 7.97e-05
2915.0 1.98e-05
2920.0 2.4299999999999998e-05
2925.0 -5.54e-06
2930.0 5.65e-05
2935.0 1.9699999999999998e-05
2940.0 7.26e-05
2945.0 6.29e-06
2950.0 6.21e-05
2955.0 4.5299999999999997e-05
2960.0 4.88e-05
2965.0 6.53e-05
2970.0 4.71e-05
2975.0 -8.71e-06
2980.0 -1.98e-06
2985.0 4.88e-05
2990.0 -3.81e-05
2995.0 3.9399999999999995e-05
3000.0 2.94e-05
3005.0 5.45e-06
3010.0 6.670000000000001e-05
3015.0 1.47e-05
3020.0 1.07e-05
3025.0 2.0399999999999998e-05
3030.0 3.71e-05
3035.0 -8.69e-06
3040.0 3.6099999999999997e-05
3045.0 4.84e-05
3050.0 8.379999999999999e-05
3055.0 2.7399999999999995e-05
3060.0 3.68e-05
3065.0 4.02e-05
3070.0 7.2999999999999996e-06
3075.0 4.1200000000000005e-05
3080.0 5.5799999999999994e-05
3085.0 2.84e-05
3090.0 4.98e-05
3095.0 8.159999999999999e-05
3100.0 6.69e-05
3105.0 5.379999999999999e-05
3110.0 4.28e-05
3115.0 9.429999999999999e-05
3120.0 0.000295938
3125.0 0.000664048
3130.0 0.0009684769999999999
3135.0 0.0024575929999999997
3140.0 0.004400391
3145.0 0.0034678359999999997
3150.0 0.003102648
3155.0 0.0032242029999999997
3160.0 0.01194032
3165.0 0.032862224
3170.0 0.038169306
3175.0 0.015581393999999998
3180.0 0.000272578
3185.0 0.00011276899999999999
3190.0 0.000185557
3195.0 0.000202642
3200.0 3.8900000000000004e-05
3205.0 8.609999999999999e-05
3210.0 -4.8100000000000004e-05
3215.0 -2.8899999999999998e-05
3220.0 4e-05
3225.0 1.63e-05
3230.0 5.479999999999999e-05
3235.0 -1.52e-05
3240.0 2.9299999999999997e-05
3245.0 4.49e-05
3250.0 1.88e-05
3255.0 5.19e-05
3260.0 1.17e-05
3265.0 4.6500000000000005e-05
3270.0 -4.55e-05
3275.0 1e-05
3280.0 7.76e-06
3285.0 1.4499999999999998e-05
3290.0 4.3e-05
3295.0 4.13e-05
3300.0 4.73e-06
3305.0 7.94e-05
3310.0 5.13e-05
3315.0 7.020000000000001e-05
3320.0 4.05e-05
3325.0 2.11e-05
3330.0 4.72e-05
3335.0 -6.78e-05
3340.0 2.8300000000000003e-05
3345.0 -9.39e-07
3350.0 5.070000000000001e-07
3355.0 -3.63e-05
3360.0 7.75e-05
3365.0 5.41e-05
3370.0 5.12e-05
3375.0 -3.3299999999999996e-05
3380.0 -5.3400000000000004e-05
3385.0 6.52e-05
3390.0 2.84e-05
3395.0 1.67e-05
3400.0 -4.6e-05
3405.0 -6.97e-06
3410.0 9.04e-05
3415.0 7.170000000000001e-05
3420.0 3.2200000000000003e-05
3425.0 -4.57e-05
3430.0 4.78e-06
3435.0 -2.56e-06
3440.0 6.22e-05
3445.0 3.4200000000000005e-05
3450.0 1.0800000000000002e-05
3455.0 -5.3200000000000006e-05
3460.0 6.8e-05
3465.0 -3.04e-05
3470.0 0.00010499
3475.0 -8.159999999999999e-05
3480.0 0.000105915
3485.0 1.87e-05
3490.0 -1.53e-05
3495.0 9.36e-06
3500.0 2.72e-05
3505.0 2.51e-05
3510.0 3.81e-05
3515.0 4.26e-06
3520.0 6.829999999999999e-05
3525.0 5.5299999999999996e-05
3530.0 2.6000000000000002e-05
3535.0 4.85e-05
3540.0 3.17e-06
3545.0 3.4399999999999996e-05
3550.0 2.3199999999999998e-05
3555.0 2.49e-05
3560.0 1.91e-05
3565.0 6.27e-05
3570.0 1.82e-05
3575.0 3.5799999999999996e-05
3580.0 6.840000000000001e-05
3585.0 4.48e-05
3590.0 2.62e-05
3595.0 4.6399999999999996e-05
3600.0 2.22e-05
3605.0 -6.16e-06
3610.0 4.46e-05
3615.0 5.52e-06
3620.0 3.6e-05
3625.0 3.87e-05
3630.0 4.1200000000000005e-05
3635.0 1.34e-05
3640.0 1.6899999999999997e-05
3645.0 4.16e-05
3650.0 3.45e-05
3655.0 4.34e-05
3660.0 3.79e-05
3665.0 2.98e-05
3670.0 3.91e-05
3675.0 3.8900000000000004e-05
3680.0 3.21e-05
3685.0 1.3000000000000001e-05
3690.0 4.74e-05
3695.0 3.5799999999999996e-05
3700.0 3.75e-05
3705.0 2.37e-05
3710.0 2.52e-05
3715.0 1.11e-05
3720.0 1.01e-05
3725.0 3.01e-05
3730.0 3.05e-05
3735.0 2.6700000000000002e-05
3740.0 4.18e-05
3745.0 3.16e-05
3750.0 2.7600000000000003e-05
3755.0 3.570000000000001e-05
3760.0 3.16e-05
3765.0 2.22e-05
3770.0 2.7600000000000003e-05
3775.0 1.8100000000000003e-05
3780.0 2.3100000000000002e-05
3785.0 2.3100000000000002e-05
3790.0 3.229999999999999e-05
3795.0 4.1899999999999995e-05
3800.0 2.01e-05
3805.0 1.83e-05
3810.0 2.49e-05
3815.0 1.4000000000000001e-05
3820.0 2.27e-05
3825.0 3.17e-05
3830.0 2.99e-05
3835.0 3.9899999999999994e-05
3840.0 1.7e-05
3845.0 2.3e-05
3850.0 2.3199999999999998e-05
3855.0 1.23e-05
3860.0 1.13e-05
3865.0 1.66e-05
3870.0 1.6899999999999997e-05
3875.0 2.8100000000000002e-05
3880.0 1.6100000000000002e-05
3885.0 1.07e-05
3890.0 3.8799999999999994e-05
3895.0 1.32e-05
3900.0 1.88e-05
3905.0 2.48e-05
3910.0 1.9600000000000002e-05
3915.0 1.4400000000000001e-05
3920.0 3.46e-05
3925.0 2e-05
3930.0 1.84e-05
3935.0 2.34e-05
3940.0 2.35e-05
3945.0 1.9399999999999997e-05
3950.0 2.49e-05
3955.0 1.4300000000000002e-05
3960.0 1.25e-05
3965.0 2.37e-05
3970.0 2.3e-05
3975.0 3.05e-05
3980.0 3.1e-05
3985.0 2.9100000000000003e-05
3990.0 2.9299999999999997e-05
3995.0 7.730000000000001e-05
4000.0 0.00011109299999999999
4005.0 9.059999999999999e-05
4010.0 0.000411111
4015.0 0.0007003510000000001
4020.0 0.001335104
4025.0 0.002513331
4030.0 0.002144493
4035.0 0.002279004
4040.0 0.017728141
4045.0 0.03264394
4050.0 0.084589273
4055.0 0.15812906599999998
4060.0 0.12639977
4065.0 0.243275821
4070.0 0.46405679
4075.0 0.347466409
4080.0 0.30605036
4085.0 0.564682782
4090.0 0.7735462190000001
4095.0 1.5934027430000002
4100.0 5.80048418
4105.0 21.91726494
4110.0 50.02733612
4115.0 74.89526367
4120.0 87.8573761
4125.0 92.13062286
4130.0 92.49095917
4135.0 93.28825378
4140.0 94.6018219
4145.0 95.30754852
4150.0 95.05271912
4155.0 95.67645264
4160.0 96.82720184
4165.0 97.58867645
4170.0 96.77739716
4175.0 95.93012238
4180.0 96.56938171
4185.0 97.32367706
4190.0 97.0247345
4195.0 95.90274048
4200.0 95.72187042
4205.0 96.48547363
4210.0 96.8714447
4215.0 96.64128113
4220.0 96.40331268
4225.0 96.33422089
4230.0 97.02877808
4235.0 97.57092285
4240.0 97.64875031
4245.0 97.15354156
4250.0 96.86406708
4255.0 97.33129883
4260.0 97.62479401
4265.0 97.60194397
4270.0 97.24456787
4275.0 97.19514465
4280.0 97.56449127
4285.0 97.8939743
4290.0 97.68108368
4295.0 97.57837677
4300.0 97.39906311
4305.0 97.44926453
4310.0 97.92108917
4315.0 98.08705139
4320.0 97.98163605
4325.0 97.93628693
4330.0 98.02220154
4335.0 98.20888519
4340.0 98.38201141
4345.0 98.25683594
4350.0 98.30482483
4355.0 98.29695892
4360.0 98.17512512
4365.0 98.28916931
4370.0 98.48927307
4375.0 98.48799133
4380.0 98.55508423
4385.0 98.29589844
4390.0 97.8214035
4395.0 97.93247223
4400.0 98.40818787
4405.0 98.47660065
4410.0 98.54759979
4415.0 98.56275177
4420.0 98.41759491
4425.0 98.32025909
4430.0 98.64645386
4435.0 98.64824677
4440.0 98.68206787
4445.0 98.74187469
4450.0 98.51269531
4455.0 98.46794891
4460.0 98.64627075
4465.0 98.76928711
4470.0 98.72165679999999
4475.0 98.818573
4480.0 98.65950012
4485.0 98.63811493
4490.0 98.61218262
4495.0 98.44498444
4500.0 98.47396088
4505.0 98.56127167
4510.0 98.62509155
4515.0 98.45275879
4520.0 98.23756409
4525.0 98.17593384
4530.0 97.98151398
4535.0 98.14331818
4540.0 98.40247345
4545.0 98.51688385
4550.0 98.54196167
4555.0 98.35056305
4560.0 98.06475067
4565.0 97.97272491
4570.0 98.29589844
4575.0 98.65585327
4580.0 98.73643494
4585.0 98.71611786
4590.0 98.53615570000001
4595.0 98.15018463
4600.0 97.90013123
4605.0 98.29994202
4610.0 98.55630493
4615.0 98.77130890000001
4620.0 98.77475739
4625.0 98.52261353
4630.0 98.17151642
4635.0 97.83841705
4640.0 97.86548615
4645.0 98.05095673
4650.0 98.28050995
4655.0 98.61830139
4660.0 98.60754395
4665.0 98.4228363
4670.0 97.95612335
4675.0 97.51798248
4680.0 97.21871185
4685.0 97.12050629
4690.0 97.7771225
4695.0 98.33895111
4700.0 98.78685759999999
4705.0 98.7742157
4710.0 98.44250488
4715.0 97.88983917
4720.0 97.35179901
4725.0 97.30580139
4730.0 97.56563568
4735.0 97.87345886
4740.0 98.04016113
4745.0 98.29277039
4750.0 98.41574097
4755.0 98.30838776
4760.0 98.24186707
4765.0 98.03116608
4770.0 97.86777496
4775.0 97.59858704
4780.0 97.81342316
4785.0 98.16622925
4790.0 98.49814606
4795.0 98.53718567
4800.0 98.63285065
4805.0 98.57247162
4810.0 98.22598267
4815.0 97.97538757
4820.0 97.88847351
4825.0 97.65712738
4830.0 97.49988556
4835.0 97.6809845
4840.0 97.81223297
4845.0 98.00789642
4850.0 98.04708099
4855.0 98.28923035
4860.0 98.57694244
4865.0 98.71048737
4870.0 98.76140594
4875.0 98.65958405
4880.0 98.58718109
4885.0 98.15190887
4890.0 97.85525513
4895.0 97.62479401
4900.0 97.49195099
4905.0 97.43574524
4910.0 97.55525208
4915.0 98.0275116
4920.0 98.39659882
4925.0 98.45928192
4930.0 98.71621704
4935.0 98.81737518
4940.0 98.78675842
4945.0 98.68119049
4950.0 98.49929047
4955.0 98.36942291
4960.0 98.26699066
4965.0 98.13020325
4970.0 97.90858459
4975.0 97.92207336
4980.0 98.05043793
4985.0 98.26365662
4990.0 98.41059875
4995.0 98.57345581
5000.0 98.71601105
5005.0 98.72419739
5010.0 98.75364685
5015.0 98.75776672
5020.0 98.77017975
5025.0 98.67852020000001
5030.0 98.56336975
5035.0 98.40756226
5040.0 98.15334320000001
5045.0 98.03383636
5050.0 98.17199707
5055.0 98.28594208
5060.0 98.18719482
5065.0 98.08748627
5070.0 98.0298996
5075.0 98.14599609
5080.0 98.31460571
5085.0 98.28874207
5090.0 98.22679901
5095.0 98.26628113
5100.0 98.29930115
5105.0 98.36102295
5110.0 98.30691528
5115.0 98.34848022
5120.0 98.28186035
5125.0 98.16507721
5130.0 97.97904205
5135.0 97.89468384
5140.0 98.02114105
5145.0 98.05931091
5150.0 98.16332245
5155.0 98.21392059
5160.0 98.20762634
5165.0 98.21795654
5170.0 98.25777435
5175.0 98.44309998
5180.0 98.47869109999999
5185.0 98.602211
5190.0 98.51261139
5195.0 98.53541565
5200.0 98.6171875
5205.0 98.45844269
5210.0 98.2378006
5215.0 98.1390152
5220.0 98.20269775
5225.0 98.07144165
5230.0 97.95561218
5235.0 97.75241852
5240.0 97.75185394
5245.0 97.79825592
5250.0 97.7614975
5255.0 97.5796051
5260.0 97.69418335
5265.0 97.81652069
5270.0 97.83187866
5275.0 97.67591858
5280.0 97.55392456
5285.0 97.65163422
5290.0 97.94881439
5295.0 98.36484528
5300.0 98.37075806
5305.0 98.17658997
5310.0 98.03961945
5315.0 98.03160095
5320.0 98.18966675
5325.0 98.32662201
5330.0 98.45077515
5335.0 98.246315
5340.0 97.89273071
5345.0 97.80310059
5350.0 97.87421417
5355.0 98.03345490000001
5360.0 98.10227966
5365.0 98.07202148
5370.0 98.18150329999999
5375.0 98.29203033
5380.0 98.05782318
5385.0 97.72581482
5390.0 97.81300354
5395.0 98.06244659
5400.0 98.10251617
5405.0 97.88356781
5410.0 97.70452881
5415.0 97.85254669
5420.0 98.01166534
5425.0 98.05925751
5430.0 97.61690521
5435.0 96.80754852
5440.0 95.58547211
5445.0 95.11024475
5450.0 95.86087799
5455.0 96.63948059
5460.0 95.49266052
5465.0 93.79111481
5470.0 94.01725006
5475.0 94.13790894
5480.0 88.57485962
5485.0 71.84825134
5490.0 45.54245758
5495.0 15.512082099999999
5500.0 7.115087032000001
5505.0 2.653044939
5510.0 1.23069489
5515.0 0.600600481
5520.0 0.259624034
5525.0 0.098371066
5530.0 0.038828135
5535.0 0.017723726000000002
5540.0 0.010217299
5545.0 0.0071341469999999995
5550.0 0.005706467
5555.0 0.004679745999999999
5560.0 0.0034387790000000003
5565.0 0.002189454
5570.0 0.001292838
5575.0 0.00078793
5580.0 0.00059129
5585.0 0.00047804300000000004
5590.0 0.0004998040000000001
5595.0 0.000611007
5600.0 0.0009134839999999999
5605.0 0.001384872
5610.0 0.001685755
5615.0 0.001398433
5620.0 0.001027495
5625.0 0.000815438
5630.0 0.0008389439999999999
5635.0 0.001154365
5640.0 0.001695533
5645.0 0.0017954610000000001
5650.0 0.0013189679999999998
5655.0 0.0006830730000000001
5660.0 0.000366413
5665.0 0.000272243
5670.0 0.000307632
5675.0 0.000484183
5680.0 0.000777405
5685.0 0.0009494239999999999
5690.0 0.000815212
5695.0 0.00045672
5700.0 0.000271055
5705.0 0.000291462
5710.0 0.000384012
5715.0 0.0005007
5720.0 0.00044289599999999997
5725.0 0.00029553
5730.0 0.00014625899999999998
5735.0 0.000105564
5740.0 0.000158173
5745.0 0.00022003099999999998
5750.0 0.00031571
5755.0 0.00031212599999999997
5760.0 0.00018870400000000001
5765.0 7.44e-05
5770.0 5.03e-05
5775.0 4.8200000000000006e-05
5780.0 6.840000000000001e-05
5785.0 9.620000000000001e-05
5790.0 0.00012964200000000002
5795.0 0.00012145799999999999
5800.0 8.9e-05
5805.0 5.8599999999999995e-05
5810.0 4.46e-05
5815.0 6.38e-05
5820.0 0.00014361799999999998
5825.0 0.000213525
5830.0 0.000251126
5835.0 0.000184369
5840.0 0.000117938
5845.0 6.979999999999999e-05
5850.0 0.000104357
5855.0 9.120000000000001e-05
5860.0 0.00013162799999999998
5865.0 0.000177865
5870.0 0.00016639200000000002
5875.0 0.000161086
5880.0 0.00012021
5885.0 8.97e-05
5890.0 0.000107305
5895.0 0.000128425
5900.0 0.000185556
5905.0 0.00018397099999999998
5910.0 0.000157157
5915.0 0.00011691200000000001
5920.0 5.79e-05
5925.0 4.23e-05
5930.0 5.02e-05
5935.0 7.890000000000001e-05
5940.0 0.000104937
5945.0 0.000150356
5950.0 0.000164945
5955.0 0.000155273
5960.0 0.000100956
5965.0 6.36e-05
5970.0 5.08e-05
5975.0 4.4200000000000004e-05
5980.0 6.7e-05
5985.0 5.08e-05
5990.0 4.22e-05
5995.0 4.04e-05
6000.0 3.6200000000000006e-05
6005.0 3.16e-05
6010.0 3.77e-05
6015.0 3.97e-05
6020.0 3.52e-05
6025.0 2.0300000000000002e-05
6030.0 1.91e-05
6035.0 2.5e-05
6040.0 1.63e-05
6045.0 1.0199999999999999e-05
6050.0 1.0199999999999999e-05
6055.0 1.76e-05
6060.0 2.8300000000000003e-05
6065.0 1.95e-05
6070.0 1.66e-05
6075.0 8.48e-06
6080.0 1e-05
6085.0 4.14e-06
6090.0 2.35e-05
6095.0 3.5e-05
6100.0 4.6700000000000003e-05
6105.0 5.99e-05
6110.0 4.46e-05
6115.0 3.570000000000001e-05
6120.0 3.11e-05
6125.0 3.63e-05
6130.0 6.7e-05
6135.0 0.00011186
6140.0 0.00018131099999999997
6145.0 0.000213207
6150.0 0.00023390299999999999
6155.0 0.00021299
6160.0 0.000159516
6165.0 0.000137441
6170.0 0.000140238
6175.0 0.00010643299999999999
6180.0 0.00011238200000000001
6185.0 0.000118257
6190.0 6.52e-05
6195.0 6.979999999999999e-05
6200.0 6.500000000000001e-05
6205.0 7.36e-05
6210.0 7.55e-05
6215.0 5.13e-05
6220.0 7.609999999999999e-05
6225.0 4.8e-05
6230.0 4.66e-05
6235.0 1.9399999999999997e-05
6240.0 1.9e-05
6245.0 1.3699999999999998e-05
6250.0 3.289999999999999e-05
6255.0 2.8800000000000002e-05
6260.0 4.6700000000000003e-05
6265.0 7.08e-05
6270.0 5.2900000000000005e-05
6275.0 5.7499999999999995e-05
6280.0 5.05e-05
6285.0 2.36e-05
6290.0 2.05e-05
6295.0 3.75e-05
6300.0 4.1700000000000004e-05
6305.0 4.04e-05
6310.0 5.2600000000000005e-05
6315.0 4.51e-05
6320.0 4.3200000000000007e-05
6325.0 2.47e-05
6330.0 3.02e-05
6335.0 8.34e-06
6340.0 -4.08e-06
6345.0 -7.62e-06
6350.0 -2.83e-06
6355.0 2.57e-06
6360.0 1.06e-05
6365.0 1.84e-05
6370.0 1.77e-05
6375.0 2.23e-05
6380.0 2.48e-05
6385.0 2.78e-06
6390.0 1.47e-05
6395.0 1.1699999999999999e-07
6400.0 -1.74e-06
6405.0 5.73e-06
6410.0 2.59e-05
6415.0 3.21e-05
6420.0 3.97e-05
6425.0 4.71e-05
6430.0 4.7799999999999996e-05
6435.0 3.2500000000000004e-05
6440.0 3.6099999999999997e-05
6445.0 2.8000000000000003e-05
6450.0 2.01e-05
6455.0 2.71e-05
6460.0 4.6700000000000003e-05
6465.0 3.47e-05
6470.0 6.07e-05
6475.0 5.7999999999999994e-05
6480.0 4.8899999999999996e-05
6485.0 3.35e-05
6490.0 2.56e-05
6495.0 2.0399999999999998e-05
6500.0 2.0600000000000003e-05
6505.0 6.56e-06
6510.0 1.32e-05
6515.0 1.74e-05
6520.0 2.49e-05
6525.0 2.1e-05
6530.0 2.84e-05
6535.0 1.49e-05
6540.0 1.7e-05
6545.0 -2.25e-06
6550.0 7.03e-06
6555.0 -1.16e-06
6560.0 7.79e-06
6565.0 6.35e-06
6570.0 1.56e-05
6575.0 1.3500000000000001e-05
6580.0 1.8e-05
6585.0 1.88e-05
6590.0 5.06e-06
6595.0 9.13e-06
6600.0 -1.0199999999999999e-05
6605.0 -1.12e-06
6610.0 1.48e-06
6615.0 2e-06
6620.0 4.03e-06
6625.0 -8.81e-06
6630.0 2.11e-05
6635.0 7.98e-06
6640.0 2.62e-05
6645.0 4.74e-06
6650.0 4.72e-06
6655.0 -2.13e-05
6660.0 -7.42e-06
6665.0 -2.58e-06
6670.0 -1.17e-05
6675.0 -5.13e-06
6680.0 1.1e-05
6685.0 2.26e-06
6690.0 1.77e-05
6695.0 1.24e-05
6700.0 -1.08e-06
6705.0 -6.82e-07
6710.0 -1.51e-05
6715.0 1.99e-06
6720.0 -1.12e-05
6725.0 3.78e-06
6730.0 8.66e-06
6735.0 -5.71e-08
6740.0 1.99e-05
6745.0 1.34e-05
6750.0 3.39e-06
6755.0 -8.81e-06
6760.0 3.39e-06
6765.0 -6.86e-06
6770.0 1.65e-05
6775.0 2.0399999999999998e-05
6780.0 2.3199999999999998e-05
6785.0 1.47e-05
6790.0 3.02e-05
6795.0 3.13e-05
6800.0 2.8600000000000004e-05
6805.0 2.6700000000000002e-05
6810.0 2.18e-05
6815.0 9.33e-06
6820.0 8.23e-06
6825.0 2.09e-05
6830.0 1.51e-05
6835.0 3.4e-05
6840.0 3.26e-05
6845.0 4.6700000000000003e-05
6850.0 1.83e-05
6855.0 1.5399999999999998e-05
6860.0 5.44e-06
6865.0 -2.35e-06
6870.0 -2.7800000000000003e-07
6875.0 8.39e-06
6880.0 5.95e-06
6885.0 8.37e-06
6890.0 2.6600000000000003e-05
6895.0 2.2e-05
6900.0 1.76e-05
6905.0 1.01e-05
6910.0 1.32e-06
6915.0 -2.97e-06
6920.0 -1.82e-05
6925.0 -5.06e-07
6930.0 -3.93e-06
6935.0 -3.24e-06
6940.0 -1.99e-06
6945.0 2.85e-06
6950.0 1.4099999999999999e-05
6955.0 2.01e-05
6960.0 1.11e-05
6965.0 -5.63e-06
6970.0 -2.09e-06
6975.0 -1.4400000000000001e-05
6980.0 -1.7199999999999998e-05
6985.0 5.86e-06
6990.0 -5.25e-06
6995.0 2.8600000000000004e-05
7000.0 5.91e-05
7005.0 4.2e-05
7010.0 1.4400000000000001e-05
7015.0 1.12e-05
7020.0 7.1e-06
7025.0 -1.95e-06
7030.0 9.98e-07
7035.0 -2.61e-06
7040.0 -3.37e-06
7045.0 1.8e-05
7050.0 1.77e-05
7055.0 9.52e-06
7060.0 2.6000000000000002e-05
7065.0 1.7199999999999998e-05
7070.0 -6.06e-06
7075.0 6.39e-06
7080.0 -3.95e-06
7085.0 3.07e-06
7090.0 7.55e-06
7095.0 1.13e-05
7100.0 1.89e-05
7105.0 3.56e-06
7110.0 1.98e-05
7115.0 3.72e-05
7120.0 2.44e-05
7125.0 3.09e-05
7130.0 2.33e-05
7135.0 1.6899999999999997e-05
7140.0 2.46e-05
7145.0 2.4299999999999998e-05
7150.0 2.55e-05
7155.0 1.52e-05
7160.0 4.6e-05
7165.0 2.7399999999999995e-05
7170.0 1.7800000000000002e-05
7175.0 4.15e-05
7180.0 1.3500000000000001e-05
7185.0 2.68e-05
7190.0 2.7000000000000002e-05
7195.0 4.2499999999999996e-05
7200.0 3.01e-05
7205.0 4.84e-05
7210.0 5.8599999999999995e-05
7215.0 7.26e-05
7220.0 6.65e-05
7225.0 3.2500000000000004e-05
7230.0 2e-05
7235.0 1.74e-05
7240.0 1.06e-05
7245.0 1.06e-05
7250.0 2.88e-06
7255.0 9.22e-06
7260.0 1.73e-05
7265.0 1.67e-05
7270.0 1.84e-05
7275.0 2.7399999999999995e-05
7280.0 3.4200000000000005e-05
7285.0 6.51e-06
7290.0 1.89e-05
7295.0 4.75e-07
7300.0 -7.74e-06
7305.0 5.67e-06
7310.0 7.46e-06
7315.0 -1.14e-06
7320.0 1.1900000000000001e-05
7325.0 -2.73e-06
7330.0 1.21e-05
7335.0 2.96e-06
7340.0 1.77e-05
7345.0 2.11e-05
7350.0 -7.170000000000001e-07
7355.0 2.44e-05
7360.0 1.91e-06
7365.0 4.17e-06
7370.0 2.3800000000000003e-05
7375.0 2.05e-05
7380.0 1.6e-05
7385.0 3.54e-06
7390.0 1.86e-05
7395.0 -1.95e-05
7400.0 4.91e-06
7405.0 -1.58e-05
7410.0 -2.88e-06
7415.0 1.76e-05
7420.0 7.64e-06
7425.0 2.02e-05
7430.0 1.99e-05
7435.0 1.56e-05
7440.0 2.05e-06
7445.0 2.63e-06
7450.0 -9.08e-06
7455.0 -1.92e-06
7460.0 -2.36e-05
7465.0 -1.2e-07
7470.0 1.84e-05
7475.0 1.0800000000000002e-05
7480.0 1.3699999999999998e-05
7485.0 7.19e-06
7490.0 1.3000000000000001e-05
7495.0 1.52e-05
7500.0 -4.74e-06
7505.0 8.340000000000001e-07
7510.0 -1.02e-06
7515.0 2.98e-05
7520.0 -9.48e-06
7525.0 1.4599999999999999e-05
7530.0 2.8300000000000003e-05
7535.0 3.37e-05
7540.0 1.98e-05
7545.0 -2.82e-06
7550.0 1.7e-05
7555.0 -1.91e-05
7560.0 -5.34e-06
7565.0 -1.17e-05
7570.0 -1.4300000000000002e-05
7575.0 1.4300000000000002e-05
7580.0 5.96e-06
7585.0 2.5e-05
7590.0 9.35e-06
7595.0 -6.28e-06
7600.0 -7.85e-06
7605.0 -1.58e-05
7610.0 -9.76e-06
7615.0 3.13e-06
7620.0 1.13e-05
7625.0 -5.6e-06
7630.0 2.68e-05
7635.0 2.99e-05
7640.0 1.7e-05
7645.0 1.01e-05
7650.0 -9.39e-06
7655.0 1.4400000000000001e-05
7660.0 -4.82e-06
7665.0 9.36e-06
7670.0 2.31e-06
7675.0 1.24e-05
7680.0 -2.3899999999999998e-05
7685.0 3.41e-05
7690.0 7.61e-06
7695.0 1.73e-05
7700.0 -2.02e-05
7705.0 -6.12e-06
7710.0 2.61e-06
7715.0 1.1e-05
7720.0 9.4e-06
7725.0 1.05e-05
7730.0 6.03e-06
7735.0 5.57e-06
7740.0 4.84e-05
7745.0 3.69e-06
7750.0 3.24e-05
7755.0 -9.25e-06
7760.0 6.62e-06
7765.0 -1.42e-05
7770.0 1.3500000000000001e-05
7775.0 -3.55e-06
7780.0 3.97e-06
7785.0 -5.2e-06
7790.0 3.3799999999999995e-05
7795.0 -1.0800000000000002e-05
7800.0 -3.42e-06
7805.0 -1.26e-05
7810.0 1.1e-05
7815.0 -2.6600000000000003e-05
7820.0 -5.83e-06
7825.0 -1.44e-06
7830.0 1.06e-05
7835.0 -9.04e-06
7840.0 8.23e-06
7845.0 4.5299999999999997e-05
7850.0 3.68e-05
7855.0 4.1e-05
7860.0 2.78e-05
7865.0 9.47e-07
7870.0 7.75e-06
7875.0 3.8100000000000004e-07
7880.0 4.87e-06
7885.0 2.33e-05
7890.0 1.78e-06
7895.0 3.9899999999999994e-05
7900.0 2.9299999999999997e-05
7905.0 8.87e-06
7910.0 2.94e-06
7915.0 1.99e-05
7920.0 4.48e-06
7925.0 -1e-05
7930.0 -1.8100000000000003e-05
7935.0 8.38e-06
7940.0 7.05e-06
7945.0 -1.32e-05
7950.0 7.9e-06
7955.0 -1.4000000000000001e-05
7960.0 -2.93e-06
7965.0 1.65e-05
7970.0 2.6700000000000002e-05
7975.0 1.12e-05
7980.0 1.92e-05
7985.0 -8.44e-06
7990.0 4.07e-05
7995.0 -3.73e-05
8000.0 0.000353196
8005.0 3.25e-06
8010.0 0.000407969
8015.0 0.00019004299999999998
8020.0 0.000437795
8025.0 0.00022936700000000001
8030.0 -0.00013976600000000002
8035.0 0.000273102
8040.0 0.00020352
8045.0 -0.000106397
8050.0 0.00019597900000000002
8055.0 0.00014675200000000002
8060.0 0.000142748
8065.0 -2.9600000000000005e-05
8070.0 0.00020659
8075.0 0.00022987099999999998
8080.0 0.000450831
8085.0 0.000295933
8090.0 9.329999999999999e-05
8095.0 0.000297613
8100.0 0.000425935
8105.0 0.000573129
8110.0 0.000243363
8115.0 0.000575167
8120.0 0.000505634
8125.0 0.0012078339999999999
8130.0 0.00010983899999999999
8135.0 -0.00047799400000000003
8140.0 -0.000496606
8145.0 0.000266886
8150.0 0.00017036
8155.0 -0.00013593
8160.0 0.000163245
8165.0 -0.00018383400000000002
8170.0 0.0007265110000000001
8175.0 0.00022507900000000002
8180.0 0.000323206
8185.0 -0.000342791
8190.0 0.000587579
8195.0 0.000272225
8200.0 0.000661094
8205.0 -0.000136308
8210.0 0.00026536
8215.0 -4.61e-06
8220.0 0.000199777
8225.0 -4.46e-05
8230.0 -0.000303791
8235.0 0.00021240900000000002
8240.0 -0.000216405
8245.0 -5.4600000000000006e-05
8250.0 7.759999999999999e-05
8255.0 -1.09e-06
8260.0 -0.000265951
8265.0 -0.000152871
8270.0 0.000263988
8275.0 5.660000000000001e-05
8280.0 -7.32e-05
8285.0 -0.000328444
8290.0 0.000230062
8295.0 4.6700000000000003e-05
8300.0 -0.00014057799999999998
8305.0 0.000349604
8310.0 -1.4400000000000001e-05
8315.0 -8.47e-05
8320.0 0.000366138
8325.0 -4.26e-05
8330.0 7.44e-05
8335.0 -7.190000000000001e-05
8340.0 -4.5e-05
8345.0 0.00039514
8350.0 0.00046584199999999995
8355.0 3.41e-05
8360.0 0.000516141
8365.0 0.00022388
8370.0 -0.000143329
8375.0 0.00025466599999999996
8380.0 0.00017994
8385.0 4.33e-05
8390.0 9.2e-05
8395.0 -0.000220938
8400.0 7.79e-05
8405.0 6.7e-05
8410.0 -2.24e-05
8415.0 4.47e-05
8420.0 0.000516277
8425.0 -0.000128632
8430.0 -8.56e-05
8435.0 -0.000157045
8440.0 0.00024296700000000002
8445.0 0.000668725
8450.0 8.41e-06
8455.0 0.000254795
8460.0 -0.000186044
8465.0 -0.000222595
8470.0 -0.000398735
8475.0 0.000330625
8480.0 0.00018874200000000002
8485.0 0.000231545
8490.0 -0.000594158
8495.0 -3.570000000000001e-05
8500.0 0.000266812
8505.0 -0.000101965
8510.0 -0.000146456
8515.0 -0.000321237
8520.0 -0.000126504
8525.0 -0.00017936
8530.0 -0.000295488
8535.0 0.000639835
8540.0 0.00033414199999999995
8545.0 8.640000000000001e-05
8550.0 0.000130638
8555.0 5.2600000000000005e-05
8560.0 7.38e-05
8565.0 7.97e-05
8570.0 0.00013901200000000002
8575.0 0.00018909900000000003
8580.0 -0.000267441
8585.0 -0.00035312699999999995
8590.0 0.000289015
8595.0 -8.499999999999999e-05
8600.0 -0.000219961
8605.0 3.5799999999999996e-05
8610.0 0.00026901400000000004
8615.0 -0.000143869
8620.0 -0.00042284099999999997
8625.0 -6.21e-05
8630.0 -0.000159616
8635.0 3.0299999999999998e-05
8640.0 -0.00043677300000000005
8645.0 0.000579236
8650.0 -0.000105584
8655.0 6.0299999999999995e-05
8660.0 0.000106836
8665.0 0.000263882
8670.0 0.00010517799999999999
8675.0 0.000241581
8680.0 0.000253573
8685.0 0.00026105299999999997
8690.0 0.000374049
8695.0 0.000652431
8700.0 -0.000251665
8705.0 7.09e-05
8710.0 0.000188226
8715.0 -8.32e-05
8720.0 5.3200000000000006e-05
8725.0 -4.23e-05
8730.0 -0.000351236
8735.0 0.000146252
8740.0 8.809999999999999e-05
8745.0 0.000440348
8750.0 0.000154706
8755.0 0.00025351
8760.0 0.00025515
8765.0 0.000527747
8770.0 3.7e-05
8775.0 0.00016707900000000002
8780.0 6.73e-05
8785.0 -0.000204329
8790.0 0.000142814
8795.0 0.000215305
8800.0 0.00048822599999999997
8805.0 0.000501651
8810.0 0.00029350400000000004
8815.0 0.00012085299999999999
8820.0 0.000112426
8825.0 1.55e-05
8830.0 0.000221125
8835.0 -1.3000000000000001e-05
8840.0 0.000446336
8845.0 6.979999999999999e-05
8850.0 0.00031910799999999997
8855.0 -0.00015772
8860.0 0.00010713
8865.0 0.000367156
8870.0 0.000511914
8875.0 -0.000132839
8880.0 0.00011632299999999999
8885.0 -0.000533191
8890.0 4.46e-05
8895.0 0.000241995
8900.0 1.76e-05
8905.0 -0.000398627
8910.0 0.000531996
8915.0 -0.000341944
8920.0 0.000305337
8925.0 -0.000124494
8930.0 0.000153073
8935.0 0.000192794
8940.0 0.000347511
8945.0 0.000175119
8950.0 8.170000000000001e-05
8955.0 0.000333829
8960.0 -4.210000000000001e-05
8965.0 0.000295133
8970.0 2.54e-05
8975.0 0.00021354799999999998
8980.0 5.9e-05
8985.0 0.000300567
8990.0 0.000270187
8995.0 -5.8299999999999994e-05
9000.0 0.00019553900000000003
9005.0 6.879999999999999e-05
9010.0 -0.000548628
9015.0 0.00030538799999999997
9020.0 0.00047789
9025.0 0.000544581
9030.0 5.91e-05
9035.0 9.85e-05
9040.0 -2.68e-05
9045.0 -7.97e-05
9050.0 0.000206838
9055.0 0.000160801
9060.0 -7.03e-07
9065.0 -0.000280474
9070.0 -9.22e-05
9075.0 -7.23e-05
9080.0 -9.640000000000001e-05
9085.0 3.76e-05
9090.0 0.00048020800000000003
9095.0 0.000238238
9100.0 -0.000325582
9105.0 0.000294907
9110.0 0.000839983
9115.0 -0.00010343200000000001
9120.0 -0.000140544
9125.0 5.15e-05
9130.0 1.18e-05
9135.0 0.000225138
9140.0 0.00016999799999999998
9145.0 6.25e-06
9150.0 0.000225241
9155.0 2.0399999999999998e-05
9160.0 -0.000162371
9165.0 0.00016664400000000003
9170.0 -0.000101895
9175.0 3.19e-05
9180.0 -0.000127234
9185.0 3.7e-05
9190.0 -0.00023464099999999998
9195.0 -0.000246154
9200.0 -8.13e-05
9205.0 0.000114976
9210.0 -0.00016107100000000002
9215.0 0.000140705
9220.0 0.00020481900000000002
9225.0 0.000321958
9230.0 -0.00039171599999999996
9235.0 -4.77e-05
9240.0 0.000379626
9245.0 0.00037970800000000003
9250.0 0.00030119099999999997
9255.0 0.000199969
9260.0 6.0299999999999995e-05
9265.0 0.00010687799999999999
9270.0 3.6200000000000006e-05
9275.0 0.000282846
9280.0 -0.000196711
9285.0 -2.3100000000000002e-05
9290.0 7.170000000000001e-05
9295.0 -0.000144987
9300.0 0.000201488
9305.0 5.05e-05
9310.0 7.26e-05
9315.0 -0.000752509
9320.0 -8.35e-05
9325.0 0.000180867
9330.0 1.89e-05
9335.0 8.85e-06
9340.0 -0.000205785
9345.0 0.000240129
9350.0 1.1400000000000001e-05
9355.0 -0.00010875799999999999
9360.0 7.28e-05
9365.0 9.46e-05
9370.0 -0.00017723900000000002
9375.0 0.0007393710000000001
9380.0 8.070000000000001e-05
9385.0 0.000313295
9390.0 -3.21e-06
9395.0 0.000292562
9400.0 -6.15e-05
9405.0 -0.000466824
9410.0 -0.000241002
9415.0 0.000174005
9420.0 0.00024182900000000002
9425.0 -7.15e-06
9430.0 -0.000222932
9435.0 -0.000117096
9440.0 -0.000126928
9445.0 -2.8699999999999996e-05
9450.0 4.33e-05
9455.0 0.00029166799999999997
9460.0 0.00019145900000000002
9465.0 0.00016328
9470.0 -0.000241479
9475.0 0.000545567
9480.0 0.000123576
9485.0 -0.000126175
9490.0 0.000116288
9495.0 0.00012647100000000002
9500.0 5.59e-05
9505.0 3.96e-05
9510.0 8.77e-05
9515.0 0.00019062099999999998
9520.0 2.4e-05
9525.0 0.000244093
9530.0 -0.00011425299999999999
9535.0 -0.00017533700000000002
9540.0 0.00029805099999999997
9545.0 0.000255468
9550.0 -0.000234922
9555.0 0.000165785
9560.0 0.000305021
9565.0 0.000218415
9570.0 0.00024725400000000003
9575.0 -0.00034191699999999996
9580.0 0.00012004799999999999
9585.0 0.00038702800000000004
9590.0 0.000235192
9595.0 0.00032889400000000004
9600.0 0.000158889
9605.0 -1.2e-05
9610.0 5.610000000000001e-05
9615.0 0.000507641
9620.0 8.63e-06
9625.0 -6.64e-05
9630.0 0.000148496
9635.0 0.00011772
9640.0 -0.00031883599999999997
9645.0 -0.000177091
9650.0 0.00022281900000000002
9655.0 0.000431633
9660.0 4.66e-07
9665.0 0.000173537
9670.0 -0.00011868200000000001
9675.0 0.000267713
9680.0 0.00026886200000000003
9685.0 -8.49e-05
9690.0 0.00046946
9695.0 9.109999999999999e-05
9700.0 0.000256471
9705.0 -4.83e-06
9710.0 0.000154282
9715.0 0.000130106
9720.0 0.000102657
9725.0 0.000399954
9730.0 -0.00017948
9735.0 0.000222571
9740.0 -8.290000000000001e-05
9745.0 0.000161541
9750.0 0.000340174
9755.0 0.000255052
9760.0 1.37e-07
9765.0 -2.11e-05
9770.0 7.209999999999999e-05
9775.0 0.00040951800000000005
9780.0 0.0006836489999999999
9785.0 -0.000195534
9790.0 -0.00042715699999999995
9795.0 0.00012575799999999998
9800.0 0.000179823
9805.0 2.2100000000000002e-05
9810.0 0.000249004
9815.0 -0.000130461
9820.0 4.15e-05
9825.0 4.29e-05
9830.0 0.000178492
9835.0 0.000264123
9840.0 -0.000136895
9845.0 0.000181696
9850.0 0.000600778
9855.0 9.65e-05
9860.0 0.000135075
9865.0 -0.00019005099999999997
9870.0 0.000462826
9875.0 -8.25e-05
9880.0 -0.000126617
9885.0 0.000540446
9890.0 -0.000229225
9895.0 0.000225615
9900.0 0.000226635
9905.0 3.5100000000000006e-05
9910.0 0.000151852
9915.0 0.000187302
9920.0 0.0008565819999999999
9925.0 -0.000437745
9930.0 0.000254807
9935.0 3.88e-06
9940.0 4.6399999999999996e-05
9945.0 -4.32e-06
9950.0 -6.4e-05
9955.0 9.73e-06
9960.0 3.3299999999999996e-05
9965.0 -5.3e-05
9970.0 9.140000000000001e-07
9975.0 0.000341845
9980.0 -7.900000000000001e-05
9985.0 3.9899999999999994e-05
9990.0 0.000137267
9995.0 0.00065108
10000.0 0.000175721
10005.0 0.000284456
10010.0 0.000266347
10015.0 -7.47e-05
10020.0 -1.86e-05
10025.0 -0.000124333
10030.0 -0.000239665
10035.0 2.6700000000000002e-05
10040.0 5.3299999999999995e-05
10045.0 -1.15e-05
10050.0 7.91e-05
10055.0 4.5600000000000004e-05
10060.0 0.000583169
10065.0 9.93e-05
10070.0 7.219999999999999e-05
10075.0 0.000459518
10080.0 0.0006989969999999999
10085.0 0.00039287199999999995
10090.0 0.000428451
10095.0 0.000400643
10100.0 0.000303193
10105.0 -1.4599999999999999e-05
10110.0 0.000614477
10115.0 0.000368912
10120.0 -0.000128453
10125.0 0.000367287
10130.0 -0.000102489
10135.0 0.000306362
10140.0 0.000139459
10145.0 0.000281461
10150.0 0.000256458
10155.0 -0.000309121
10160.0 -0.00022504599999999999
10165.0 0.000191725
10170.0 0.00035713300000000004
10175.0 0.00038918300000000003
10180.0 2.6300000000000002e-05
10185.0 -5.920000000000001e-05
10190.0 -0.000285474
10195.0 -0.00039704199999999996
10200.0 -6.05e-05
10205.0 -9.25e-05
10210.0 -0.00023496700000000002
10215.0 0.000185905
10220.0 -0.000141998
10225.0 0.00018308700000000002
10230.0 0.00017034
10235.0 0.00023436599999999999
10240.0 0.000166419
10245.0 0.000152391
10250.0 -3.5799999999999996e-05
10255.0 0.000283037
10260.0 0.000495701
10265.0 0.000225818
10270.0 8.49e-05
10275.0 2.27e-05
10280.0 9.059999999999999e-05
10285.0 0.000597083
10290.0 0.00016848099999999997
10295.0 0.00020462
10300.0 0.000301836
10305.0 0.000213805
10310.0 -6.2e-05
10315.0 0.000278777
10320.0 0.000127805
10325.0 -1.87e-05
10330.0 0.0006398280000000001
10335.0 -0.000323198
10340.0 0.000378964
10345.0 6.96e-05
10350.0 2.97e-05
10355.0 0.000693788
10360.0 0.000308242
10365.0 -2.62e-05
10370.0 0.000449164
10375.0 -4.6899999999999995e-05
10380.0 -7.730000000000001e-05
10385.0 0.000757825
10390.0 1.4999999999999999e-05
10395.0 -7.56e-05
10400.0 -0.000208176
10405.0 0.000561997
10410.0 0.00021731099999999998
10415.0 0.000170187
10420.0 -0.000170586
10425.0 -2.6899999999999997e-05
10430.0 8.240000000000001e-05
10435.0 0.00016832900000000002
10440.0 3.1e-05
10445.0 -0.00040558
10450.0 -0.000136666
10455.0 0.000217966
10460.0 -5.2900000000000005e-05
10465.0 0.00036533
10470.0 8.96e-05
10475.0 6.670000000000001e-05
10480.0 0.000594275
10485.0 -0.000100636
10490.0 0.000163351
10495.0 -0.000241516
10500.0 -0.000201764
10505.0 -0.000596922
10510.0 -0.000375585
10515.0 0.000135706
10520.0 -0.0001516
10525.0 -0.000233168
10530.0 0.000207298
10535.0 -1.0800000000000002e-05
10540.0 0.000310985
10545.0 0.00010292799999999999
10550.0 7.329999999999999e-05
10555.0 -4.84e-05
10560.0 -0.00021526099999999998
10565.0 0.000322903
10570.0 5.12e-05
10575.0 0.000539223
10580.0 0.000385883
10585.0 -7.290000000000001e-05
10590.0 0.000281025
10595.0 -9.39e-05
10600.0 1.18e-05
10605.0 -0.000137071
10610.0 3.75e-05
10615.0 0.000139291
10620.0 0.000253748
10625.0 -0.000126647
10630.0 -5.99e-05
10635.0 -5.36e-05
10640.0 0.000141612
10645.0 -8.72e-05
10650.0 0.000143936
10655.0 0.000189042
10660.0 9.59e-06
10665.0 0.000145255
10670.0 0.000535851
10675.0 0.000133538
10680.0 -0.000293421
10685.0 0.000168127
10690.0 2.6e-06
10695.0 8.669999999999999e-05
10700.0 -0.000314833
10705.0 -0.00028117
10710.0 0.000288897
10715.0 1.28e-05
10720.0 0.00020657099999999998
10725.0 -0.000126075
10730.0 2.58e-05
10735.0 -0.000243245
10740.0 0.00019905099999999998
10745.0 -0.00011247799999999999
10750.0 0.00014465299999999999
10755.0 4.45e-05
10760.0 -7.879999999999999e-05
10765.0 0.000338462
10770.0 0.00019889400000000002
10775.0 -0.000129759
10780.0 -0.00011024799999999999
10785.0 -2.17e-05
10790.0 5.9499999999999996e-05
10795.0 0.000150831
10800.0 -0.000244098
10805.0 0.00032832300000000005
10810.0 0.000172854
10815.0 0.00016402700000000002
10820.0 0.00038322199999999996
10825.0 7.04e-05
10830.0 -0.000337769
10835.0 -0.000123483
10840.0 0.000135235
10845.0 0.000471181
10850.0 0.000510066
10855.0 -8.740000000000001e-05
10860.0 0.000260429
10865.0 5.5100000000000004e-05
10870.0 4.49e-05
10875.0 0.000328279
10880.0 0.000383201
10885.0 -0.00023730900000000003
10890.0 0.000165582
10895.0 3.69e-05
10900.0 6.61e-05
10905.0 1.07e-05
10910.0 -0.000354331
10915.0 0.000126325
10920.0 0.000368446
10925.0 3.09e-06
10930.0 0.000140597
10935.0 5.05e-06
10940.0 0.000438058
10945.0 0.00017513900000000002
10950.0 -7.659999999999999e-05
10955.0 0.000151483
10960.0 -6.52e-05
10965.0 0.000166545
10970.0 0.000300621
10975.0 3.63e-05
10980.0 -0.000154971
10985.0 -0.00010352899999999999
10990.0 0.00043424699999999996
10995.0 6.159999999999999e-05
11000.0 4.72e-05
11005.0 0.000193374
11010.0 0.00030931400000000004
11015.0 0.000220488
11020.0 -4.68e-06
11025.0 -0.000162161
11030.0 -8.27e-05
11035.0 0.00014134
11040.0 0.000155738
11045.0 9.04e-05
11050.0 -7.55e-05
11055.0 0.000214367
11060.0 0.000253029
11065.0 -7.2e-05
11070.0 0.000189758
11075.0 -0.00021547099999999998
11080.0 0.000353219
11085.0 0.00023229599999999997
11090.0 -0.000107961
11095.0 0.000348585
11100.0 7.7e-05
11105.0 0.000545108
11110.0 0.000126796
11115.0 -0.000510838
11120.0 0.000600089
11125.0 7.89e-06
11130.0 9.96e-05
11135.0 -6.82e-08
11140.0 -0.00010056799999999999
11145.0 6.1e-05
11150.0 0.000532598
11155.0 -0.00014062299999999998
11160.0 -0.00023370200000000002
11165.0 0.000310817
11170.0 0.00028986
11175.0 0.00023175099999999998
11180.0 0.000460416
11185.0 -8.85e-05
11190.0 0.00011313700000000001
11195.0 9.63e-05
11200.0 -9.620000000000001e-05
11205.0 0.00030826
11210.0 -5.7100000000000006e-05
11215.0 -0.000222935
11220.0 0.00052219
11225.0 3.4200000000000005e-05
11230.0 0.000118301
11235.0 0.000107515
11240.0 0.00034713400000000003
11245.0 6.6e-05
11250.0 0.000104248
11255.0 0.00020094900000000002
11260.0 0.000184898
11265.0 0.00010386700000000001
11270.0 0.000293774
11275.0 -0.000104175
11280.0 0.000221668
11285.0 0.000171261
11290.0 0.00022495799999999998
11295.0 -2.7300000000000003e-05
11300.0 1.92e-05
11305.0 -7.979999999999999e-05
11310.0 -0.000243822
11315.0 0.000214522
11320.0 0.00012095799999999999
11325.0 -0.00012874299999999998
11330.0 -4.6399999999999996e-05
11335.0 0.000614255
11340.0 0.00034032400000000003
11345.0 -0.000108786
11350.0 0.00024607599999999997
11355.0 0.00025060400000000003
11360.0 0.00046263099999999997
11365.0 4.6200000000000005e-05
11370.0 7.42e-06
11375.0 0.000227025
11380.0 0.000499264
11385.0 5.1e-05
11390.0 0.00035832199999999995
11395.0 -0.00036259
11400.0 3.6200000000000006e-05
11405.0 0.000662785
11410.0 0.000305235
11415.0 0.00039745800000000006
11420.0 -0.000162005
11425.0 1.69e-06
11430.0 0.000242981
11435.0 0.00023742599999999997
11440.0 -8.72e-05
11445.0 -9.36e-05
11450.0 -7.87e-05
11455.0 0.00015078799999999998
11460.0 6.979999999999999e-05
11465.0 0.000264254
11470.0 0.00039506599999999996
11475.0 0.000694132
11480.0 0.000300672
11485.0 0.000370735
11490.0 0.00018921
11495.0 0.00017702900000000002
11500.0 0.00045489300000000005
11505.0 0.000126391
11510.0 -5.99e-05
11515.0 0.00045658
11520.0 0.00035947
11525.0 0.00027336099999999996
11530.0 0.00024313099999999997
11535.0 0.0006662489999999999
11540.0 0.000184484
11545.0 0.000486445
11550.0 0.000151889
11555.0 0.00012690799999999999
11560.0 0.0006725619999999999
11565.0 0.00093388
11570.0 6.36e-05
11575.0 0.000436874
11580.0 0.00047285599999999996
11585.0 0.000659567
11590.0 0.001261367
11595.0 0.001957237
11600.0 0.001574377
11605.0 0.0018547479999999998
11610.0 0.002017291
11615.0 0.001727518
11620.0 0.002386649
11625.0 0.0017358229999999998
11630.0 0.0013197670000000001
11635.0 0.001390546
11640.0 0.0013172470000000001
11645.0 0.000777181
11650.0 0.000632796
11655.0 0.0008296660000000001
11660.0 0.0013264610000000001
11665.0 0.000867844
11670.0 0.00036172699999999995
11675.0 0.000987518
11680.0 0.000649404
11685.0 0.0005892709999999999
11690.0 0.00080955
11695.0 0.001165304
11700.0 0.001058844
11705.0 0.000726269
11710.0 0.0012109689999999999
11715.0 0.001298172
11720.0 0.00140012
11725.0 0.001720381
11730.0 0.0023058379999999997
11735.0 0.002480544
11740.0 0.003172953
11745.0 0.004279754
11750.0 0.00486399
11755.0 0.0057902330000000005
11760.0 0.0064672209999999996
11765.0 0.006252463000000001
11770.0 0.006655768
11775.0 0.00639391
11780.0 0.00619683
11785.0 0.004810282
11790.0 0.00482379
11795.0 0.004588489
11800.0 0.004625491
11805.0 0.004245151
11810.0 0.004319807
11815.0 0.003907884
11820.0 0.004340463
11825.0 0.004490701
11830.0 0.0045621970000000005
11835.0 0.0050651970000000004
11840.0 0.005446179000000001
11845.0 0.0063940640000000005
11850.0 0.006669741999999999
11855.0 0.007695399
11860.0 0.008796928
11865.0 0.010720512
11870.0 0.012790143
11875.0 0.016256765
11880.0 0.019529212
11885.0 0.024005335
11890.0 0.027604777
11895.0 0.032422461
11900.0 0.036044772999999995
11905.0 0.038657829
11910.0 0.039686821000000004
11915.0 0.03877959
11920.0 0.03704372
11925.0 0.035381895
11930.0 0.033584747000000005
11935.0 0.031903025
11940.0 0.030514924
11945.0 0.029878231
11950.0 0.029326592000000002
11955.0 0.029921107000000002
11960.0 0.030421585
11965.0 0.031809948
11970.0 0.033190668
11975.0 0.035852142000000004
11980.0 0.039408408
11985.0 0.043662883
11990.0 0.049525615
11995.0 0.056203038
12000.0 0.065365613
12005.0 0.077868931
12010.0 0.093572415
12015.0 0.113835312
12020.0 0.140918404
12025.0 0.176522583
12030.0 0.223397672
12035.0 0.286349922
12040.0 0.372828901
12045.0 0.47162333100000003
12050.0 0.5987405179999999
12055.0 0.742365122
12060.0 0.902124941
12065.0 1.070156932
12070.0 1.249112368
12075.0 1.446159601
12080.0 1.6561199430000002
12085.0 1.918014169
12090.0 2.262752295
12095.0 2.736489773
12100.0 3.495635033
