1900.0 -5.93e-05
1905.0 0.000297146
1910.0 0.000183455
1915.0 -3.03e-07
1920.0 -4.44e-05
1925.0 5.98e-05
1930.0 0.000103565
1935.0 4.8e-05
1940.0 -6.620000000000001e-05
1945.0 -8.05e-05
1950.0 -2.8999999999999997e-05
1955.0 -1.52e-05
1960.0 2.71e-05
1965.0 2.2100000000000002e-05
1970.0 -1.24e-05
1975.0 9.05e-06
1980.0 -1.15e-05
1985.0 -4.38e-06
1990.0 9.39e-07
1995.0 -2.21e-06
2000.0 -1.07e-05
2005.0 2.0300000000000002e-05
2010.0 -4.07e-05
2015.0 1.32e-05
2020.0 8.42e-06
2025.0 5.86e-06
2030.0 1.66e-05
2035.0 4.3200000000000007e-05
2040.0 -5.37e-06
2045.0 -3.72e-05
2050.0 -6.31e-06
2055.0 2.47e-06
2060.0 -9.63e-06
2065.0 2.3e-05
2070.0 1.12e-05
2075.0 1.74e-05
2080.0 -2.95e-05
2085.0 -8.79e-06
2090.0 -6.34e-06
2095.0 -3.41e-05
2100.0 -1.76e-05
2105.0 3.56e-07
2110.0 -1.26e-05
2115.0 7.9e-06
2120.0 -2.34e-05
2125.0 -1.29e-05
2130.0 -3.27e-05
2135.0 2.0300000000000002e-05
2140.0 -6.72e-06
2145.0 -3.14e-05
2150.0 1.0800000000000002e-05
2155.0 7.62e-06
2160.0 -2.83e-06
2165.0 1.88e-06
2170.0 -8.07e-06
2175.0 -1.47e-05
2180.0 4.34e-06
2185.0 -1.58e-05
2190.0 9.800000000000001e-06
2195.0 -8.62e-06
2200.0 -1.3800000000000002e-05
2205.0 9.09e-06
2210.0 1.76e-06
2215.0 8.09e-06
2220.0 6.66e-06
2225.0 2.35e-06
2230.0 -3.37e-07
2235.0 5.85e-06
2240.0 -1.4800000000000002e-05
2245.0 -2.15e-05
2250.0 -1.28e-05
2255.0 3.36e-06
2260.0 -1.0800000000000002e-05
2265.0 -5.26e-06
2270.0 -1.4599999999999999e-05
2275.0 -2.36e-06
2280.0 -3.64e-08
2285.0 9.49e-06
2290.0 5.42e-06
2295.0 -3.09e-06
2300.0 3.11e-06
2305.0 -3.91e-06
2310.0 -2.26e-05
2315.0 1.18e-06
2320.0 -1.29e-05
2325.0 -8.81e-06
2330.0 -7.24e-06
2335.0 9.42e-06
2340.0 1.6899999999999997e-05
2345.0 1.94e-06
2350.0 -1.1900000000000001e-05
2355.0 -3.85e-06
2360.0 -9.09e-06
2365.0 -6.33e-06
2370.0 -1.6899999999999997e-05
2375.0 -2.4e-06
2380.0 -5.04e-06
2385.0 -2.65e-05
2390.0 -5.87e-06
2395.0 5.75e-06
2400.0 1.36e-05
2405.0 2.0300000000000002e-05
2410.0 -6.58e-06
2415.0 -1.55e-05
2420.0 -3.289999999999999e-05
2425.0 -9.61e-06
2430.0 -2.02e-05
2435.0 -1.06e-05
2440.0 6.68e-06
2445.0 -3.4899999999999996e-07
2450.0 -4.46e-06
2455.0 -9.33e-06
2460.0 -2.8899999999999998e-05
2465.0 -2.67e-06
2470.0 2.27e-05
2475.0 -6.31e-06
2480.0 -1.47e-05
2485.0 -1.88e-05
2490.0 -1.7800000000000002e-05
2495.0 4.44e-06
2500.0 -9.43e-06
2505.0 -1.55e-05
2510.0 -8.86e-07
2515.0 -3.26e-06
2520.0 9.56e-06
2525.0 1.9600000000000002e-05
2530.0 1.59e-05
2535.0 -1.22e-05
2540.0 -9.55e-09
2545.0 -1.23e-05
2550.0 -5.21e-06
2555.0 4.06e-06
2560.0 -1.57e-05
2565.0 -3.33e-06
2570.0 2.19e-06
2575.0 -1.42e-05
2580.0 -1.12e-05
2585.0 -5.51e-06
2590.0 3.43e-06
2595.0 -1.6e-06
2600.0 -3.04e-05
2605.0 -2.2e-05
2610.0 -1.4800000000000002e-05
2615.0 -7.76e-06
2620.0 8.39e-06
2625.0 -9.27e-06
2630.0 1.64e-06
2635.0 -6.58e-06
2640.0 -9.43e-06
2645.0 -1.82e-05
2650.0 -6.67e-06
2655.0 3.98e-06
2660.0 1.78e-06
2665.0 -1.4800000000000002e-05
2670.0 1.7800000000000002e-05
2675.0 2.01e-06
2680.0 1.9699999999999998e-05
2685.0 -1.32e-05
2690.0 5.7000000000000005e-06
2695.0 -1.29e-05
2700.0 1.11e-05
2705.0 -2.89e-06
2710.0 -2.77e-06
2715.0 -2.26e-06
2720.0 -1.63e-05
2725.0 -1.05e-06
2730.0 1.82e-05
2735.0 3.570000000000001e-05
2740.0 -1.47e-05
2745.0 -2.57e-06
2750.0 4.96e-06
2755.0 2.0600000000000003e-05
2760.0 -5.17e-06
2765.0 -1.6800000000000002e-05
2770.0 -2.61e-06
2775.0 -3.19e-05
2780.0 -1.7e-05
2785.0 1.1599999999999999e-05
2790.0 1.06e-05
2795.0 -4.73e-06
2800.0 -1.04e-05
2805.0 6.08e-06
2810.0 -4.3e-05
2815.0 -6.24e-07
2820.0 -2.13e-05
2825.0 2.17e-05
2830.0 -9.12e-06
2835.0 7.06e-06
2840.0 -2.04e-06
2845.0 -1.05e-05
2850.0 -1.24e-05
2855.0 -6.53e-06
2860.0 3.41e-05
2865.0 -1.47e-06
2870.0 -2.4100000000000003e-05
2875.0 2.72e-06
2880.0 2.6600000000000003e-05
2885.0 3.07e-06
2890.0 -1.49e-05
2895.0 -2.8699999999999996e-05
2900.0 -2.88e-06
2905.0 -2.6600000000000003e-05
2910.0 3.8900000000000004e-05
2915.0 -3.8e-05
2920.0 -9.55e-06
2925.0 -4.59e-05
2930.0 2.82e-06
2935.0 -2.86e-06
2940.0 -7.37e-06
2945.0 -1.7e-05
2950.0 -7.64e-06
2955.0 1.82e-06
2960.0 -2.34e-05
2965.0 -4.6700000000000003e-05
2970.0 -2.27e-05
2975.0 -1.49e-06
2980.0 -5.27e-06
2985.0 -2.4e-05
2990.0 1.83e-05
2995.0 -6.32e-05
3000.0 9.73e-07
3005.0 -2.81e-06
3010.0 -4.29e-05
3015.0 6.33e-06
3020.0 -2.2800000000000002e-05
3025.0 -6.52e-05
3030.0 -4.9e-05
3035.0 -3.3e-05
3040.0 -6.17e-06
3045.0 -5.24e-05
3050.0 2.1600000000000003e-05
3055.0 5.08e-05
3060.0 -7.45e-06
3065.0 -1.3500000000000001e-05
3070.0 -3.5100000000000006e-05
3075.0 4.8700000000000005e-05
3080.0 3.8299999999999996e-05
3085.0 2.6899999999999997e-05
3090.0 9.95e-06
3095.0 -8.14e-06
3100.0 -1.99e-05
3105.0 -5.5299999999999996e-05
3110.0 -3.09e-05
3115.0 -3.6200000000000006e-05
3120.0 6.71e-06
3125.0 2.44e-05
3130.0 -3.0799999999999996e-05
3135.0 5.02e-06
3140.0 5.920000000000001e-05
3145.0 4.46e-05
3150.0 8.75e-05
3155.0 6.26e-05
3160.0 6.92e-05
3165.0 0.000105537
3170.0 0.000191282
3175.0 0.00041014199999999995
3180.0 0.000865735
3185.0 0.0008395189999999999
3190.0 0.0005325390000000001
3195.0 0.00028419400000000004
3200.0 0.00020035299999999998
3205.0 0.000122139
3210.0 2.3100000000000002e-05
3215.0 0.000106242
3220.0 0.000148103
3225.0 0.000188625
3230.0 6.69e-05
3235.0 7.11e-05
3240.0 6.05e-05
3245.0 -2.94e-05
3250.0 -0.00011650899999999999
3255.0 -3.4200000000000005e-05
3260.0 6.07e-06
3265.0 2.2100000000000002e-05
3270.0 -7.11e-06
3275.0 4.7e-05
3280.0 -4.8599999999999995e-05
3285.0 2.5e-05
3290.0 2.43e-06
3295.0 -8.81e-06
3300.0 2.72e-05
3305.0 9.83e-06
3310.0 -2.0600000000000003e-05
3315.0 -9.159999999999999e-05
3320.0 2.71e-05
3325.0 -5.98e-05
3330.0 2.35e-05
3335.0 -6.91e-05
3340.0 2.95e-05
3345.0 4.02e-06
3350.0 -5.17e-05
3355.0 1.85e-05
3360.0 6.52e-05
3365.0 5.7499999999999995e-05
3370.0 -7.71e-06
3375.0 -8.73e-06
3380.0 1.56e-05
3385.0 -6.84e-06
3390.0 8.25e-06
3395.0 4.4e-05
3400.0 4.55e-05
3405.0 -8.45e-06
3410.0 6.18e-05
3415.0 0.000115029
3420.0 6.7e-05
3425.0 7.5e-05
3430.0 5.550000000000001e-05
3435.0 -0.000144311
3440.0 8.49e-05
3445.0 6.28e-05
3450.0 0.000142315
3455.0 -4.6299999999999994e-05
3460.0 8.62e-05
3465.0 1.47e-06
3470.0 5.21e-06
3475.0 -5.68e-05
3480.0 3.4899999999999995e-05
3485.0 4.02e-05
3490.0 -1.24e-05
3495.0 -0.000150584
3500.0 1.7e-06
3505.0 6.73e-07
3510.0 3.6700000000000004e-05
3515.0 -1.4800000000000002e-05
3520.0 3.5799999999999996e-05
3525.0 -1.98e-05
3530.0 -1.83e-06
3535.0 2.97e-06
3540.0 2.54e-05
3545.0 3.06e-05
3550.0 1.62e-05
3555.0 2.4e-05
3560.0 3.9500000000000005e-05
3565.0 8.66e-05
3570.0 1.4800000000000002e-05
3575.0 1.62e-05
3580.0 4.6399999999999996e-05
3585.0 1.86e-05
3590.0 3.0299999999999998e-05
3595.0 5.49e-06
3600.0 -2.44e-05
3605.0 3.74e-05
3610.0 3.8e-05
3615.0 1.99e-05
3620.0 8.37e-06
3625.0 1.23e-05
3630.0 4.07e-05
3635.0 5.41e-05
3640.0 5.65e-05
3645.0 2.26e-05
3650.0 3.38e-07
3655.0 -1.49e-05
3660.0 9.27e-05
3665.0 0.000271354
3670.0 0.000857628
3675.0 0.0012317
3680.0 0.000751155
3685.0 0.00041540699999999996
3690.0 0.000347084
3695.0 0.000120976
3700.0 2.3199999999999998e-05
3705.0 0.000134735
3710.0 0.00020277900000000002
3715.0 0.00036858
3720.0 0.0008234510000000001
3725.0 0.0007532610000000001
3730.0 0.000254842
3735.0 0.00023380799999999998
3740.0 0.000983546
3745.0 0.001831103
3750.0 0.001750686
3755.0 0.00080309
3760.0 0.000296422
3765.0 0.000234518
3770.0 6.409999999999999e-05
3775.0 -3.3e-05
3780.0 -1.23e-06
3785.0 -2.51e-05
3790.0 -7.04e-06
3795.0 8.49e-06
3800.0 -2.8300000000000003e-05
3805.0 6.1e-06
3810.0 1.15e-05
3815.0 -8.06e-06
3820.0 1.26e-05
3825.0 2.02e-05
3830.0 -1.08e-06
3835.0 2.36e-05
3840.0 -2.78e-05
3845.0 -1.0199999999999999e-05
3850.0 -1.29e-05
3855.0 5.16e-07
3860.0 5.69e-06
3865.0 5.56e-06
3870.0 -1.75e-05
3875.0 7.15e-06
3880.0 6.06e-07
3885.0 -5.37e-06
3890.0 7.83e-06
3895.0 5.22e-06
3900.0 -1.06e-05
3905.0 -1.99e-06
3910.0 6.08e-06
3915.0 1.47e-05
3920.0 -8.31e-06
3925.0 -2.58e-06
3930.0 -1.65e-05
3935.0 -1.0300000000000001e-05
3940.0 -9.37e-06
3945.0 3.73e-06
3950.0 -3.52e-06
3955.0 7.52e-06
3960.0 -4.73e-06
3965.0 -3.86e-06
3970.0 6.3e-06
3975.0 -3.16e-06
3980.0 -1.24e-05
3985.0 -1.0300000000000001e-05
3990.0 2.94e-05
3995.0 -3.66e-06
4000.0 -2.91e-06
4005.0 7.259999999999999e-07
4010.0 1.0300000000000001e-05
4015.0 4.78e-06
4020.0 5.5100000000000004e-05
4025.0 0.000488221
4030.0 0.000878506
4035.0 0.000616743
4040.0 0.000117646
4045.0 4.73e-05
4050.0 2e-05
4055.0 7.44e-06
4060.0 -2.74e-06
4065.0 -1.2e-06
4070.0 -2.11e-05
4075.0 1.1e-05
4080.0 5.6e-06
4085.0 5e-06
4090.0 1.4599999999999999e-05
4095.0 -8.74e-06
4100.0 -1.6800000000000002e-05
4105.0 6.27e-06
4110.0 1.75e-06
4115.0 1.47e-06
4120.0 7.94e-07
4125.0 -4.03e-06
4130.0 3.1e-06
4135.0 -2.24e-06
4140.0 3.65e-05
4145.0 4.8599999999999995e-05
4150.0 5.2900000000000005e-05
4155.0 3.39e-05
4160.0 1.32e-05
4165.0 0.000138002
4170.0 0.000904871
4175.0 0.001787009
4180.0 0.001397704
4185.0 0.00038292800000000004
4190.0 4.6500000000000005e-05
4195.0 1.3800000000000002e-05
4200.0 5.51e-06
4205.0 1.3699999999999998e-05
4210.0 2.57e-05
4215.0 1.4000000000000001e-05
4220.0 8.400000000000001e-06
4225.0 5.41e-06
4230.0 -8.05e-06
4235.0 -1.57e-06
4240.0 -8.18e-06
4245.0 -8.02e-07
4250.0 2.11e-06
4255.0 7.44e-06
4260.0 -2.53e-06
4265.0 5.54e-06
4270.0 1.34e-05
4275.0 5.0999999999999993e-08
4280.0 1.37e-06
4285.0 2.7300000000000003e-05
4290.0 3.17e-05
4295.0 2.05e-05
4300.0 1.51e-05
4305.0 8.09e-06
4310.0 -7.71e-06
4315.0 -1.33e-06
4320.0 6.44e-06
4325.0 -1.22e-05
4330.0 1.57e-06
4335.0 6.77e-06
4340.0 1.4499999999999998e-05
4345.0 5.76e-06
4350.0 -3.56e-07
4355.0 1.51e-05
4360.0 5.73e-06
4365.0 2.3100000000000002e-05
4370.0 2.26e-05
4375.0 2.97e-06
4380.0 -9.95e-06
4385.0 6.26e-06
4390.0 -1.9699999999999998e-05
4395.0 -4.81e-06
4400.0 -1.47e-05
4405.0 -5.87e-06
4410.0 -2.5399999999999997e-07
4415.0 1.87e-05
4420.0 5.98e-05
4425.0 0.000111401
4430.0 6.04e-05
4435.0 1.91e-05
4440.0 9.62e-06
4445.0 8.44e-05
4450.0 0.00014419999999999998
4455.0 0.000159177
4460.0 0.0001123
4465.0 5.739999999999999e-05
4470.0 2.6000000000000002e-05
4475.0 1.88e-05
4480.0 7.13e-06
4485.0 4.79e-06
4490.0 -3.6e-07
4495.0 6.8e-07
4500.0 -9.84e-06
4505.0 1.04e-06
4510.0 -3.62e-06
4515.0 -4.7e-06
4520.0 2.1e-05
4525.0 1.99e-05
4530.0 8.72e-06
4535.0 9.75e-06
4540.0 8.53e-06
4545.0 1.99e-07
4550.0 5.54e-06
4555.0 2.05e-05
4560.0 3.5e-05
4565.0 6.13e-05
4570.0 0.000162579
4575.0 0.000282335
4580.0 0.000220122
4585.0 7.020000000000001e-05
4590.0 1.41e-06
4595.0 2.85e-06
4600.0 1.8100000000000003e-05
4605.0 3.5600000000000005e-05
4610.0 5.2300000000000004e-05
4615.0 6.159999999999999e-05
4620.0 0.000113431
4625.0 0.000177768
4630.0 0.000137499
4635.0 5.07e-05
4640.0 4.4200000000000004e-05
4645.0 2.99e-05
4650.0 1.29e-05
4655.0 6.58e-06
4660.0 5.52e-06
4665.0 3.18e-05
4670.0 5.6399999999999995e-05
4675.0 0.000170265
4680.0 0.00036851300000000005
4685.0 0.000411842
4690.0 0.000246095
4695.0 7.240000000000001e-05
4700.0 2.2800000000000002e-05
4705.0 -2.05e-07
4710.0 5.42e-06
4715.0 9.4e-07
4720.0 1.01e-05
4725.0 1.86e-05
4730.0 -3.91e-06
4735.0 6.86e-06
4740.0 2.2899999999999998e-05
4745.0 3.11e-05
4750.0 0.00010427200000000001
4755.0 0.00021877099999999998
4760.0 0.000370298
4765.0 0.0006417269999999999
4770.0 0.000602022
4775.0 0.000285057
4780.0 3.81e-05
4785.0 -5.59e-07
4790.0 -8.64e-06
4795.0 -8.41e-06
4800.0 1.47e-05
4805.0 -5.72e-06
4810.0 -1.0800000000000002e-05
4815.0 2.8999999999999998e-06
4820.0 -3.63e-06
4825.0 2.28e-06
4830.0 4.61e-06
4835.0 -9.1e-06
4840.0 3.76e-06
4845.0 4.57e-05
4850.0 0.00013897
4855.0 0.000167679
4860.0 8.48e-05
4865.0 7.74e-06
4870.0 7.56e-06
4875.0 7.499999999999999e-06
4880.0 1.8100000000000002e-07
4885.0 4.45e-06
4890.0 1.51e-06
4895.0 9.24e-06
4900.0 2.07e-06
4905.0 -6.92e-06
4910.0 3.74e-06
4915.0 -1.22e-05
4920.0 3.05e-06
4925.0 -7.22e-06
4930.0 -3.96e-06
4935.0 3.43e-06
4940.0 -8.76e-07
4945.0 2.05e-05
4950.0 2.22e-05
4955.0 5.3299999999999995e-05
4960.0 0.00012470000000000002
4965.0 0.00019568099999999999
4970.0 0.000262267
4975.0 0.000212857
4980.0 0.000102027
4985.0 2.98e-05
4990.0 -4.86e-06
4995.0 -7.52e-06
5000.0 -2.24e-06
5005.0 -5.24e-06
5010.0 -2.36e-06
5015.0 -1.94e-06
5020.0 -7.499999999999999e-06
5025.0 2.67e-06
5030.0 1.59e-06
5035.0 4.02e-06
5040.0 -5.54e-06
5045.0 -1.0800000000000002e-05
5050.0 -4.09e-06
5055.0 1.31e-05
5060.0 3.33e-06
5065.0 9.76e-06
5070.0 -2.73e-06
5075.0 1.05e-05
5080.0 4.28e-05
5085.0 0.000130724
5090.0 0.000217625
5095.0 0.00021129299999999998
5100.0 8.32e-05
5105.0 6.62e-06
5110.0 -1.21e-05
5115.0 -4.44e-06
5120.0 6.55e-06
5125.0 -3.86e-06
5130.0 -5.02e-06
5135.0 1.29e-06
5140.0 2.68e-06
5145.0 2.48e-06
5150.0 -3.75e-06
5155.0 6.16e-07
5160.0 -1.56e-06
5165.0 -2.14e-05
5170.0 3.43e-06
5175.0 -1.1e-07
5180.0 -5.8e-07
5185.0 -7.45e-06
5190.0 4.75e-06
5195.0 1.7199999999999998e-05
5200.0 6.620000000000001e-05
5205.0 0.000146849
5210.0 0.000262001
5215.0 0.000235687
5220.0 0.000110507
5225.0 4.3700000000000005e-05
5230.0 2.14e-06
5235.0 -9.69e-06
5240.0 5.15e-06
5245.0 1.3500000000000001e-05
5250.0 -1.91e-05
5255.0 3.58e-06
5260.0 -2.18e-05
5265.0 -2.29e-06
5270.0 -1.79e-06
5275.0 5.560000000000001e-07
5280.0 1.74e-05
5285.0 -6.42e-06
5290.0 6.68e-07
5295.0 1.66e-05
5300.0 -1.3800000000000002e-05
5305.0 -4.46e-07
5310.0 1.01e-05
5315.0 3.86e-05
5320.0 0.000124421
5325.0 0.00023967599999999997
5330.0 0.000198238
5335.0 6.720000000000001e-05
5340.0 -7.29e-06
5345.0 3.83e-07
5350.0 1.32e-06
5355.0 -8.59e-06
5360.0 4.23e-06
5365.0 -4.38e-06
5370.0 -8.09e-06
5375.0 -6.900000000000001e-06
5380.0 -3.7999999999999996e-08
5385.0 -4.55e-06
5390.0 1.28e-06
5395.0 5.67e-06
5400.0 1.57e-05
5405.0 7.45e-05
5410.0 0.000318657
5415.0 0.000643582
5420.0 0.000566717
5425.0 0.000142995
5430.0 3.08e-06
5435.0 -1.53e-06
5440.0 -7.42e-06
5445.0 -1.06e-05
5450.0 2.87e-06
5455.0 -3.9e-06
5460.0 -7.93e-06
5465.0 -6.74e-06
5470.0 8.63e-06
5475.0 -3.59e-06
5480.0 -2.72e-06
5485.0 -1.59e-06
5490.0 -7.98e-06
5495.0 -5.64e-06
5500.0 4.03e-06
5505.0 -3.12e-06
5510.0 -1.56e-06
5515.0 1.05e-06
5520.0 -6.13e-06
5525.0 -9.84e-06
5530.0 -4.18e-06
5535.0 -6.78e-06
5540.0 -1.42e-05
5545.0 5.73e-06
5550.0 5.66e-06
5555.0 -1.67e-05
5560.0 -1.47e-06
5565.0 -3.71e-06
5570.0 -1.44e-06
5575.0 7.92e-07
5580.0 -9.2e-06
5585.0 -3e-06
5590.0 -4.35e-06
5595.0 -8.96e-06
5600.0 -1.49e-06
5605.0 -3.09e-06
5610.0 -3.57e-06
5615.0 -5.52e-06
5620.0 -5.13e-06
5625.0 -4.67e-06
5630.0 -5.94e-06
5635.0 -1.1400000000000001e-05
5640.0 -1.0199999999999999e-05
5645.0 -3.61e-06
5650.0 -1.26e-06
5655.0 6.84e-06
5660.0 -7.499999999999999e-06
5665.0 -2.95e-06
5670.0 -7.78e-06
5675.0 -4.13e-06
5680.0 -1.4e-08
5685.0 -1.59e-05
5690.0 -4.27e-06
5695.0 -1.25e-05
5700.0 -9.91e-07
5705.0 5.59e-06
5710.0 -5.17e-06
5715.0 -6.45e-06
5720.0 -1.6899999999999997e-05
5725.0 5.6e-07
5730.0 -1.9e-05
5735.0 -1.9600000000000002e-05
5740.0 -5.33e-06
5745.0 -1.18e-05
5750.0 -2.47e-06
5755.0 2.3100000000000002e-05
5760.0 -1.34e-05
5765.0 -6.09e-06
5770.0 -7.88e-06
5775.0 -1.65e-05
5780.0 -4.18e-06
5785.0 -9.2e-06
5790.0 -1.17e-05
5795.0 9.5e-06
5800.0 -8.63e-06
5805.0 8.5e-06
5810.0 1.44e-06
5815.0 -5.15e-06
5820.0 -3.9e-06
5825.0 -7.21e-06
5830.0 -1.64e-05
5835.0 -4.54e-06
5840.0 -1.13e-05
5845.0 -4.18e-06
5850.0 2.33e-05
5855.0 7.09e-07
5860.0 5.34e-06
5865.0 1.23e-05
5870.0 2.25e-06
5875.0 -1.7899999999999998e-05
5880.0 -1.28e-05
5885.0 -2.7000000000000004e-06
5890.0 -1.4400000000000001e-05
5895.0 -4.81e-06
5900.0 2.86e-06
5905.0 8.29e-07
5910.0 1.66e-05
5915.0 6.22e-06
5920.0 4.66e-06
5925.0 -2.9299999999999997e-05
5930.0 -1.24e-05
5935.0 -1e-05
5940.0 -9.84e-06
5945.0 2.7900000000000002e-08
5950.0 -1.55e-05
5955.0 8.85e-06
5960.0 3.26e-06
5965.0 1.0199999999999999e-05
5970.0 1.1599999999999999e-05
5975.0 -3.3e-06
5980.0 -1.87e-05
5985.0 -3.31e-06
5990.0 4.46e-07
5995.0 -2e-06
6000.0 -3.82e-06
6005.0 5.24e-06
6010.0 1.82e-05
6015.0 7.47e-06
6020.0 -2.63e-06
6025.0 -4.51e-09
6030.0 5.52e-06
6035.0 -2.56e-05
6040.0 -1.62e-05
6045.0 -9.07e-06
6050.0 -1.67e-05
6055.0 2.65e-06
6060.0 1.3800000000000002e-05
6065.0 3.47e-06
6070.0 9.45e-06
6075.0 1.56e-05
6080.0 -7.79e-06
6085.0 -1.52e-05
6090.0 -4.29e-06
6095.0 -7.56e-06
6100.0 -6.41e-06
6105.0 1.4000000000000001e-05
6110.0 6.51e-06
6115.0 1.51e-05
6120.0 -1.3500000000000001e-05
6125.0 6.7e-06
6130.0 -1.3500000000000001e-05
6135.0 -1.0800000000000002e-05
6140.0 -5.400000000000001e-06
6145.0 -2.2899999999999998e-05
6150.0 -3.17e-06
6155.0 5.22e-07
6160.0 6.35e-06
6165.0 1.9e-05
6170.0 1.29e-05
6175.0 2.09e-05
6180.0 2.45e-05
6185.0 1.3500000000000001e-05
6190.0 -8.55e-06
6195.0 -7.18e-06
6200.0 -1.4400000000000001e-05
6205.0 -1.36e-05
6210.0 -5.18e-06
6215.0 -1.42e-06
6220.0 6.6e-06
6225.0 -2e-06
6230.0 1.26e-06
6235.0 -8.68e-06
6240.0 -1.39e-05
6245.0 1.23e-06
6250.0 -1.3699999999999998e-05
6255.0 -7.23e-06
6260.0 -1.01e-06
6265.0 1.0800000000000002e-05
6270.0 1.4400000000000001e-05
6275.0 8.74e-06
6280.0 8.44e-06
6285.0 2e-06
6290.0 -1.6e-05
6295.0 -1.42e-05
6300.0 -1.6100000000000002e-05
6305.0 -1.4999999999999999e-05
6310.0 -2.27e-06
6315.0 6.51e-06
6320.0 6.74e-06
6325.0 1.4499999999999998e-05
6330.0 2.9600000000000005e-05
6335.0 2.24e-05
6340.0 5.9499999999999996e-05
6345.0 8.170000000000001e-05
6350.0 8.94e-05
6355.0 6.45e-05
6360.0 4.07e-05
6365.0 2.94e-05
6370.0 1.09e-05
6375.0 2.23e-05
6380.0 3.27e-05
6385.0 1.17e-05
6390.0 -2.43e-06
6395.0 1.88e-06
6400.0 -1.13e-05
6405.0 1.53e-05
6410.0 1.62e-05
6415.0 4.4200000000000004e-05
6420.0 8.1e-05
6425.0 0.00011332700000000001
6430.0 0.000163282
6435.0 0.000203672
6440.0 0.00033015599999999996
6445.0 0.00048718
6450.0 0.000586216
6455.0 0.000518249
6460.0 0.000308043
6465.0 0.000163025
6470.0 0.000111876
6475.0 8.03e-05
6480.0 9.17e-05
6485.0 7.62e-05
6490.0 8.08e-05
6495.0 6.69e-05
6500.0 7.63e-05
6505.0 7.04e-05
6510.0 7.36e-05
6515.0 6.96e-05
6520.0 6.57e-05
6525.0 6.54e-05
6530.0 0.00010156600000000001
6535.0 0.00011758600000000001
6540.0 0.000175057
6545.0 0.000260494
6550.0 0.000453799
6555.0 0.000824968
6560.0 0.00119334
6565.0 0.001374257
6570.0 0.001125538
6575.0 0.000776997
6580.0 0.00045530900000000004
6585.0 0.00027911900000000004
6590.0 0.000158253
6595.0 0.000102231
6600.0 7.190000000000001e-05
6605.0 4.99e-05
6610.0 4.6899999999999995e-05
6615.0 4.6299999999999994e-05
6620.0 4.29e-05
6625.0 4.8100000000000004e-05
6630.0 7.2e-05
6635.0 6.57e-05
6640.0 7.65e-05
6645.0 8.159999999999999e-05
6650.0 6.840000000000001e-05
6655.0 5.9999999999999995e-05
6660.0 6.39e-05
6665.0 4.39e-05
6670.0 3.9399999999999995e-05
6675.0 5.12e-05
6680.0 4.3799999999999994e-05
6685.0 4.93e-05
6690.0 5.79e-05
6695.0 4.13e-05
6700.0 5.98e-05
6705.0 4.51e-05
6710.0 5.99e-05
6715.0 5.0900000000000004e-05
6720.0 6.11e-05
6725.0 0.000105185
6730.0 0.000122001
6735.0 0.000219686
6740.0 0.000296768
6745.0 0.00041557800000000005
6750.0 0.000595233
6755.0 0.000684212
6760.0 0.000657867
6765.0 0.000534824
6770.0 0.000451287
6775.0 0.00039334
6780.0 0.00033335900000000003
6785.0 0.000323008
6790.0 0.000332429
6795.0 0.000341571
6800.0 0.000383229
6805.0 0.00043748800000000004
6810.0 0.00055474
6815.0 0.0006794889999999999
6820.0 0.000934212
6825.0 0.0013558379999999998
6830.0 0.002063882
6835.0 0.0032065970000000003
6840.0 0.005280976
6845.0 0.009219431
6850.0 0.016956043
6855.0 0.033335079
6860.0 0.070035808
6865.0 0.158031046
6870.0 0.378822386
6875.0 0.99587673
6880.0 2.7243540289999997
6885.0 7.5294027329999995
6890.0 19.71084595
6895.0 40.69045639
6900.0 64.98681641
6905.0 83.08027649
6910.0 90.302948
6915.0 92.50802612
6920.0 93.91052246
6925.0 95.64583588
6930.0 97.24649048
6935.0 98.4498291
6940.0 99.08435059
6945.0 99.36467743
6950.0 99.29135132
6955.0 98.99414063
6960.0 98.75296783
6965.0 98.41168976
6970.0 98.33042908
6975.0 98.30525208
6980.0 98.54785156
6985.0 98.83235931
6990.0 99.19284821
6995.0 99.18343353
7000.0 99.04936981
7005.0 98.80168152
7010.0 98.74830627
7015.0 98.58315277
7020.0 98.80941772
7025.0 99.04354095
7030.0 99.29387665
7035.0 99.32505035
7040.0 99.34236145
7045.0 99.36907196
7050.0 99.15065002
7055.0 99.28958893
7060.0 99.34819031
7065.0 99.24076843
7070.0 99.17992401
7075.0 99.14353943
7080.0 98.92196655
7085.0 98.8596344
7090.0 98.87049866
7095.0 98.8787384
7100.0 98.99568939
7105.0 99.13401794
7110.0 99.32146454
7115.0 99.26596069
7120.0 99.08960724
7125.0 99.12245941
7130.0 98.98939514
7135.0 99.04035187
7140.0 99.07453918
7145.0 99.12099457
7150.0 99.22350311
7155.0 99.30131531
7160.0 99.29173279
7165.0 99.17070770000001
7170.0 98.93841553
7175.0 98.82666016
7180.0 98.88788605
7185.0 98.73788452
7190.0 98.84996033
7195.0 99.10883331
7200.0 99.17784882
7205.0 99.20881653
7210.0 99.23714447
7215.0 99.35697937
7220.0 99.36219788
7225.0 99.22470093
7230.0 99.32649231
7235.0 99.22566986
7240.0 99.30206299
7245.0 99.33272552
7250.0 99.32975006
7255.0 99.34358215
7260.0 99.26314545
7265.0 99.34822083
7270.0 99.30265808
7275.0 99.22756195
7280.0 99.2370224
7285.0 99.39235687
7290.0 99.36215209999999
7295.0 99.25930786
7300.0 99.37844849
7305.0 99.35631561
7310.0 99.24533081
7315.0 99.25774384
7320.0 99.19758606
7325.0 99.22503662
7330.0 99.30019379
7335.0 99.27402496
7340.0 99.29042816
7345.0 99.32359314
7350.0 99.17986298
7355.0 99.20845032
7360.0 99.13980103
7365.0 99.27125549
7370.0 99.29467773
7375.0 99.17874146
7380.0 99.31642914
7385.0 99.32485199
7390.0 99.24647522
7395.0 99.22438812
7400.0 99.27612305
7405.0 99.36761475
7410.0 99.27341461
7415.0 99.23290253
7420.0 99.32076263
7425.0 99.39348602
7430.0 99.44234467
7435.0 99.43906403
7440.0 99.40681458
7445.0 99.27291107
7450.0 99.33852386
7455.0 99.28347778
7460.0 99.25196838
7465.0 99.28748322
7470.0 99.36334229
7475.0 99.36317444
7480.0 99.31403351
7485.0 99.28303528
7490.0 99.55874634
7495.0 99.39463043
7500.0 99.41197968
7505.0 99.47031403
7510.0 99.18787384
7515.0 99.40605927
7520.0 99.45741272
7525.0 99.33747864
7530.0 99.33750916
7535.0 99.37062836
7540.0 99.27671814
7545.0 99.32580566
7550.0 99.24954224
7555.0 99.12303162
7560.0 99.30327606
7565.0 99.20571136
7570.0 99.34503174
7575.0 99.25238037
7580.0 99.33798981
7585.0 99.41369629
7590.0 99.34409332
7595.0 99.35321045
7600.0 99.40486908
7605.0 99.36628723
7610.0 99.41330719
7615.0 99.23011017
7620.0 99.39913940000001
7625.0 99.39023590000001
7630.0 99.51602936
7635.0 99.3298645
7640.0 99.44295502
7645.0 99.32389069
7650.0 99.47026062
7655.0 99.58191681
7660.0 99.48380279999999
7665.0 99.45367432
7670.0 99.33184052
7675.0 99.32489014
7680.0 99.47557831
7685.0 99.51543427
7690.0 99.30529785
7695.0 99.3239212
7700.0 99.46395874
7705.0 99.3974762
7710.0 99.45524597
7715.0 99.51004028
7720.0 99.34700012
7725.0 99.40401459
7730.0 99.43752289
7735.0 99.26882935
7740.0 99.42238617
7745.0 99.24356079
7750.0 99.36830902
7755.0 99.31462859999999
7760.0 99.38920593
7765.0 99.31612396
7770.0 99.19796753
7775.0 99.38619995
7780.0 99.28929901
7785.0 99.30088043
7790.0 99.19830322
7795.0 99.45600891
7800.0 99.35761261
7805.0 99.43173218
7810.0 99.16913605
7815.0 99.33405304
7820.0 99.15937805
7825.0 99.48410797
7830.0 99.33200836
7835.0 99.30516815
7840.0 99.29286194
7845.0 99.19355774
7850.0 99.42507935
7855.0 99.18447113
7860.0 99.42328644
7865.0 99.36911774
7870.0 99.4298172
7875.0 99.28604126
7880.0 99.29904175
7885.0 99.44583893
7890.0 99.35061646
7895.0 99.22494507
7900.0 99.38301849
7905.0 99.28710175
7910.0 99.33045959
7915.0 99.03961182
7920.0 99.33107758
7925.0 99.18939972
7930.0 99.12763214
7935.0 99.3669281
7940.0 99.25549316
7945.0 99.27394104
7950.0 99.56414795
7955.0 99.37468719
7960.0 99.27330017
7965.0 99.24446106
7970.0 99.44094086
7975.0 99.29473877
7980.0 99.32064056
7985.0 99.0376358
7990.0 99.26106262
7995.0 99.43605804
8000.0 99.07682037
8005.0 99.16625977
8010.0 98.87790679999999
8015.0 98.84683228
8020.0 98.84587859999999
8025.0 99.00169373
8030.0 98.94822693
8035.0 98.86804199
8040.0 98.94158173
8045.0 98.98325348
8050.0 98.82146454
8055.0 98.95072174
8060.0 99.06776428
8065.0 98.95876312
8070.0 99.18370819
8075.0 99.00121307
8080.0 99.07157135
8085.0 99.12709045
8090.0 99.21736145
8095.0 98.83017731
8100.0 98.86949921
8105.0 98.95670319
8110.0 99.03180695
8115.0 98.87393951
8120.0 98.97257996
8125.0 98.99911499
8130.0 99.28029633
8135.0 99.23678589
8140.0 99.02246094
8145.0 98.99326324
8150.0 98.97377014
8155.0 98.844841
8160.0 98.97329712
8165.0 99.16168976
8170.0 98.94887543
8175.0 98.99578857
8180.0 99.05740356
8185.0 98.92756653
8190.0 98.92152405
8195.0 98.97071075
8200.0 98.95726776
8205.0 98.9115448
8210.0 98.75055695
8215.0 98.99305725
8220.0 99.24667358
8225.0 99.07788849
8230.0 99.22970581
8235.0 98.66172028
8240.0 98.90969849
8245.0 98.63478088
8250.0 98.94198608
8255.0 98.81349945
8260.0 99.09546661
8265.0 98.57242584
8270.0 99.05687714
8275.0 98.89058685
8280.0 98.78726196
8285.0 98.37931061
8290.0 98.73278046
8295.0 98.93744659
8300.0 98.53202057
8305.0 98.82543945
8310.0 98.76467896
8315.0 98.77355957
8320.0 98.47429657
8325.0 98.30197144
8330.0 97.75229645
8335.0 97.58697509999999
8340.0 97.66345978
8345.0 97.80354309
8350.0 97.52494812
8355.0 97.68106079
8360.0 97.48656464
8365.0 96.57155609
8370.0 95.10900116
8375.0 93.91536713
8380.0 94.33362579
8385.0 94.95071411
8390.0 89.92393494
8395.0 70.66779327
8400.0 44.43633652
8405.0 24.41139984
8410.0 13.88408089
8415.0 8.659529686
8420.0 4.604409218
8425.0 2.140617132
8430.0 1.057267785
8435.0 0.541079164
8440.0 0.290756702
8445.0 0.17309674600000002
8450.0 0.104546189
8455.0 0.066242859
8460.0 0.043379355
8465.0 0.029066116
8470.0 0.02003739
8475.0 0.014087974
8480.0 0.010158365
8485.0 0.007510019000000001
8490.0 0.005997959000000001
8495.0 0.0049597059999999995
8500.0 0.003681823
8505.0 0.0029334540000000003
8510.0 0.002667456
8515.0 0.002284128
8520.0 0.002224013
8525.0 0.001721864
8530.0 0.001316426
8535.0 0.000985809
8540.0 0.001049623
8545.0 0.0007321469999999999
8550.0 0.0011964760000000001
8555.0 0.0006936239999999999
8560.0 0.0007798289999999999
8565.0 0.000676945
8570.0 0.000770355
8575.0 0.000936138
8580.0 0.000793643
8585.0 0.000524009
8590.0 0.0008387789999999999
8595.0 0.001028543
8600.0 0.001293535
8605.0 0.001103117
8610.0 0.001041827
8615.0 0.001430593
8620.0 0.0013729220000000002
8625.0 0.00151942
8630.0 0.001434081
8635.0 0.001151519
8640.0 0.00110881
8645.0 0.000728991
8650.0 0.00020956900000000003
8655.0 0.0009495160000000001
8660.0 0.001468621
8665.0 0.00028792900000000003
8670.0 0.000304587
8675.0 0.0005144559999999999
8680.0 0.000818277
8685.0 2.8899999999999998e-05
8690.0 0.000442719
8695.0 0.000389904
8700.0 0.000604642
8705.0 0.000645186
8710.0 0.0009007539999999999
8715.0 0.000371615
8720.0 0.0009885710000000002
8725.0 0.000696303
8730.0 0.001036909
8735.0 0.001101247
8740.0 0.0006481459999999999
8745.0 0.000698548
8750.0 0.00048289
8755.0 0.000852639
8760.0 0.000979868
8765.0 0.0009485380000000001
8770.0 0.0008896360000000001
8775.0 0.000511299
8780.0 0.0009954830000000001
8785.0 0.000308482
8790.0 0.000523307
8795.0 0.000711869
8800.0 0.000382845
8805.0 0.0004924969999999999
8810.0 0.001009538
8815.0 3.81e-05
8820.0 0.000432799
8825.0 -0.00018030099999999998
8830.0 0.0006685389999999999
8835.0 0.000324363
8840.0 0.000317097
8845.0 0.00043185
8850.0 0.00011195799999999999
8855.0 -0.000111553
8860.0 0.000213903
8865.0 -0.000261459
8870.0 0.000433261
8875.0 0.000158488
8880.0 0.000255218
8885.0 0.00027087599999999997
8890.0 0.000258816
8895.0 0.000291375
8900.0 -0.000214871
8905.0 0.000401865
8910.0 3.21e-05
8915.0 -3.07e-05
8920.0 0.000213838
8925.0 0.000233873
8930.0 0.00036764
8935.0 0.000318812
8940.0 0.000353475
8945.0 0.000239034
8950.0 0.00071761
8955.0 0.00018636599999999998
8960.0 0.000356245
8965.0 0.000800997
8970.0 0.000955417
8975.0 0.000319196
8980.0 0.00103256
8985.0 0.00018658099999999998
8990.0 -3.17e-05
8995.0 0.00050657
9000.0 0.000575613
9005.0 0.00012605
9010.0 0.00035778199999999996
9015.0 0.00032871800000000003
9020.0 0.00028639
9025.0 0.000315938
9030.0 0.000104478
9035.0 0.00011766700000000001
9040.0 0.00031087599999999997
9045.0 -4.54e-05
9050.0 -0.00012485100000000001
9055.0 -0.000360878
9060.0 0.000182445
9065.0 -0.000236567
9070.0 4.39e-05
9075.0 0.000306188
9080.0 0.000418629
9085.0 0.00028316
9090.0 -0.00030403
9095.0 -0.000232065
9100.0 6.61e-05
9105.0 0.00021710900000000002
9110.0 0.000448835
9115.0 4.99e-05
9120.0 0.000304012
9125.0 8.78e-05
9130.0 3.21e-05
9135.0 5.5299999999999996e-05
9140.0 0.00013026299999999998
9145.0 8.47e-05
9150.0 -0.00026655099999999996
9155.0 6.8e-05
9160.0 0.000278763
9165.0 4.83e-05
9170.0 3.12e-05
9175.0 0.000211185
9180.0 -4.03e-05
9185.0 -0.000298228
9190.0 0.000315798
9195.0 0.00021359599999999998
9200.0 -8.99e-05
9205.0 0.000107935
9210.0 -0.00019397599999999997
9215.0 0.00015166799999999999
9220.0 4.7600000000000005e-05
9225.0 -0.00011759200000000001
9230.0 0.000401614
9235.0 5.71e-06
9240.0 0.000258077
9245.0 0.000372075
9250.0 0.000467675
9255.0 -0.000232282
9260.0 -7.77e-05
9265.0 0.000146774
9270.0 0.000185274
9275.0 4.24e-05
9280.0 0.000253866
9285.0 0.000243673
9290.0 0.000280858
9295.0 -0.000300464
9300.0 2.17e-05
9305.0 -0.000260558
9310.0 5.7700000000000007e-05
9315.0 1.9e-05
9320.0 0.000237348
9325.0 4.79e-05
9330.0 -0.000365772
9335.0 0.000411749
9340.0 -0.000118932
9345.0 -0.00039123099999999997
9350.0 -0.000134425
9355.0 -0.000378219
9360.0 0.00015999700000000002
9365.0 0.00034476699999999995
9370.0 0.00047788400000000003
9375.0 1.66e-05
9380.0 -4.29e-05
9385.0 -2.8899999999999998e-05
9390.0 0.000393603
9395.0 -3.79e-05
9400.0 0.000119456
9405.0 0.000364359
9410.0 -0.00032035099999999997
9415.0 0.000368008
9420.0 0.000347965
9425.0 0.000333335
9430.0 0.000148839
9435.0 0.000186245
9440.0 0.000260673
9445.0 0.00021779200000000002
9450.0 0.000335658
9455.0 0.000401137
9460.0 -4.8100000000000004e-05
9465.0 -0.00010369999999999999
9470.0 0.000196346
9475.0 0.00011656600000000001
9480.0 -0.00024297400000000002
9485.0 5.920000000000001e-05
9490.0 9.18e-05
9495.0 0.0005041409999999999
9500.0 0.00045800800000000004
9505.0 0.000224107
9510.0 9.53e-05
9515.0 0.000157085
9520.0 -7.94e-05
9525.0 -8.170000000000001e-05
9530.0 -1.15e-06
9535.0 -0.00016559799999999998
9540.0 0.000117593
9545.0 0.00029889900000000004
9550.0 -6.13e-05
9555.0 0.000364739
9560.0 -1.8e-05
9565.0 0.000431546
9570.0 7.13e-05
9575.0 0.00011227700000000001
9580.0 0.000201786
9585.0 0.00019235400000000002
9590.0 0.000268662
9595.0 -0.000461251
9600.0 -5.3700000000000004e-05
9605.0 0.00033296199999999996
9610.0 0.00036606
9615.0 1.25e-05
9620.0 0.000498257
9625.0 -0.000207622
9630.0 4.95e-06
9635.0 0.000161788
9640.0 0.000274703
9645.0 -0.000227238
9650.0 -5.3299999999999995e-05
9655.0 -0.000355999
9660.0 -0.000140386
9665.0 0.000189811
9670.0 0.00011915399999999999
9675.0 -0.00018931099999999998
9680.0 -2.15e-05
9685.0 -0.00015106899999999999
9690.0 -9.85e-05
9695.0 -0.000313151
9700.0 -0.00031977
9705.0 0.000171071
9710.0 0.000278732
9715.0 -0.000317057
9720.0 -9.84e-05
9725.0 2.94e-06
9730.0 4.48e-05
9735.0 -6.77e-05
9740.0 1.17e-05
9745.0 -0.000320458
9750.0 -8.07e-06
9755.0 0.000601283
9760.0 -1.09e-05
9765.0 -0.00019826
9770.0 0.000221893
9775.0 0.000108444
9780.0 -0.000175467
9785.0 -0.00039023599999999997
9790.0 -0.000109869
9795.0 -0.000106336
9800.0 -0.00027954099999999996
9805.0 0.000143679
9810.0 -9.86e-05
9815.0 0.00051606
9820.0 0.00019062099999999998
9825.0 -0.00030379
9830.0 0.000337839
9835.0 -4.41e-05
9840.0 -0.000171698
9845.0 -0.000242117
9850.0 -9.03e-05
9855.0 -5.9699999999999994e-05
9860.0 6.22e-05
9865.0 0.00015811
9870.0 0.000470604
9875.0 -6.24e-05
9880.0 -0.00014025799999999998
9885.0 0.000133431
9890.0 0.00019821099999999998
9895.0 -0.000137324
9900.0 0.000279973
9905.0 0.00024749799999999997
9910.0 9.54e-05
9915.0 0.000216702
9920.0 -0.000211809
9925.0 -0.000622962
9930.0 0.00030998
9935.0 0.000319713
9940.0 -6.45e-05
9945.0 -2.3e-05
9950.0 -2.3100000000000002e-05
9955.0 -9.340000000000001e-05
9960.0 0.00026806700000000003
9965.0 -0.00023118599999999998
9970.0 0.00037902
9975.0 -0.000172043
9980.0 -1.73e-05
9985.0 0.000240323
9990.0 -0.000327851
9995.0 0.000245273
10000.0 -0.000278321
10005.0 -7.5e-05
10010.0 0.000125527
10015.0 0.000457596
10020.0 -0.00039490099999999997
10025.0 0.00047917099999999997
10030.0 3.6099999999999997e-05
10035.0 0.00013707299999999998
10040.0 0.0007718730000000001
10045.0 0.000602113
10050.0 -0.000152427
10055.0 4.31e-06
10060.0 -4.24e-05
10065.0 2.45e-05
10070.0 9.68e-05
10075.0 2e-05
10080.0 0.000268617
10085.0 0.00030235900000000004
10090.0 1.4400000000000001e-05
10095.0 0.000259362
10100.0 -0.000225346
10105.0 0.000128264
10110.0 -6.829999999999999e-05
10115.0 3.64e-05
10120.0 0.000262676
10125.0 8.87e-05
10130.0 -6.0599999999999996e-05
10135.0 -0.000106858
10140.0 -1.7e-06
10145.0 -3.82e-05
10150.0 0.00017159
10155.0 -8.52e-05
10160.0 -0.000225372
10165.0 -0.000193408
10170.0 0.000206153
10175.0 -3.37e-05
10180.0 0.00044781199999999996
10185.0 0.000286103
10190.0 0.000548662
10195.0 0.00038707199999999997
10200.0 4.29e-05
10205.0 -9.350000000000001e-05
10210.0 -0.000412657
10215.0 0.000332792
10220.0 0.000546731
10225.0 -0.00030412
10230.0 0.00015021299999999998
10235.0 0.00049521
10240.0 -0.000316659
10245.0 0.000416973
10250.0 0.000222098
10255.0 0.00021055
10260.0 8.02e-06
10265.0 -0.00019051700000000002
10270.0 -2.6700000000000002e-05
10275.0 -0.00017711299999999998
10280.0 0.00014544299999999998
10285.0 0.00014911700000000002
10290.0 9.87e-05
10295.0 -0.000123752
10300.0 4.77e-05
10305.0 4.77e-05
10310.0 -0.000278026
10315.0 0.00014271799999999998
10320.0 -8.41e-05
10325.0 -0.00031966
10330.0 -0.0006583030000000001
10335.0 -0.00018376299999999998
10340.0 0.000182219
10345.0 -0.00024612799999999997
10350.0 8.149999999999999e-05
10355.0 0.00031194
10360.0 0.000455348
10365.0 8.83e-05
10370.0 0.000486086
10375.0 6.23e-05
10380.0 0.00024522599999999997
10385.0 0.000528277
10390.0 0.000145711
10395.0 -0.000124158
10400.0 0.000202959
10405.0 3.2200000000000003e-05
10410.0 -0.000213197
10415.0 0.00044603300000000003
10420.0 0.000157274
10425.0 0.000472176
10430.0 0.000196775
10435.0 0.000805175
10440.0 -0.000118077
10445.0 -3.74e-05
10450.0 0.00047105300000000003
10455.0 3.27e-05
10460.0 -0.000273321
10465.0 0.000147189
10470.0 -0.000436178
10475.0 1.53e-05
10480.0 -0.000231435
10485.0 0.00021981599999999998
10490.0 -3.0799999999999996e-05
10495.0 4.44e-05
10500.0 -1.55e-05
10505.0 0.000526338
10510.0 3.48e-06
10515.0 -4.83e-05
10520.0 0.000149517
10525.0 1.4000000000000001e-05
10530.0 6.99e-05
10535.0 4.85e-05
10540.0 0.000169235
10545.0 2.08e-05
10550.0 0.000704468
10555.0 0.000422923
10560.0 4.0600000000000004e-05
10565.0 0.000296713
10570.0 0.00026653
10575.0 0.000316515
10580.0 2.3899999999999998e-05
10585.0 -0.000574075
10590.0 -0.000248508
10595.0 -1.02e-06
10600.0 -4.79e-05
10605.0 0.00015859
10610.0 8.71e-05
10615.0 0.000172995
10620.0 0.0004903980000000001
10625.0 0.00011729799999999999
10630.0 0.000141283
10635.0 -0.00011734299999999999
10640.0 0.000509133
10645.0 0.000277048
10650.0 5.59e-05
10655.0 -3.3600000000000004e-05
10660.0 -0.00023598
10665.0 0.00032053
10670.0 3.64e-05
10675.0 0.00014943
10680.0 3.47e-05
10685.0 0.000798207
10690.0 0.000474811
10695.0 0.000532192
10700.0 0.00014078299999999998
10705.0 -9.059999999999999e-05
10710.0 -0.00026226200000000003
10715.0 -0.000493563
10720.0 0.0005073780000000001
10725.0 0.000319974
10730.0 -0.000224453
10735.0 0.000458336
10740.0 0.00019261099999999998
10745.0 -0.000203101
10750.0 -9.97e-05
10755.0 0.000119932
10760.0 5.98e-05
10765.0 0.000212615
10770.0 0.000293604
10775.0 -2.12e-05
10780.0 0.000292317
10785.0 -0.00034319
10790.0 0.000144945
10795.0 0.000631316
10800.0 0.000135935
10805.0 -0.000446618
10810.0 4.26e-05
10815.0 -0.00014138899999999998
10820.0 0.000259612
10825.0 0.00020082799999999998
10830.0 7.72e-05
10835.0 7.31e-05
10840.0 0.00037759199999999995
10845.0 5.24e-05
10850.0 0.000262486
10855.0 0.00019454400000000003
10860.0 0.000298876
10865.0 -0.000162471
10870.0 -0.00012843299999999998
10875.0 -0.000172001
10880.0 -0.000352337
10885.0 -0.000162531
10890.0 0.000752625
10895.0 0.00038756099999999997
10900.0 -6.15e-05
10905.0 1.63e-05
10910.0 -0.00023374599999999998
10915.0 -0.000233323
10920.0 0.000251088
10925.0 0.000203962
10930.0 0.000176205
10935.0 -4.6500000000000005e-05
10940.0 9.81e-06
10945.0 1.2e-06
10950.0 -0.000205423
10955.0 2.62e-05
10960.0 0.000177769
10965.0 0.000160167
10970.0 -0.00036042199999999995
10975.0 3.9899999999999994e-05
10980.0 9.559999999999999e-05
10985.0 -3.35e-05
10990.0 -0.00037248800000000003
10995.0 0.00026996
11000.0 -0.000336275
11005.0 0.000326706
11010.0 -0.000327228
11015.0 -0.000197918
11020.0 0.00011265
11025.0 -6.78e-06
11030.0 0.000115999
11035.0 0.000334944
11040.0 0.00044883900000000003
11045.0 -0.000267822
11050.0 -0.000102078
11055.0 0.000195939
11060.0 -0.00025174
11065.0 -3.24e-05
11070.0 -0.000110225
11075.0 -1.7100000000000002e-05
11080.0 0.000345751
11085.0 0.000148881
11090.0 0.000209383
11095.0 -5.05e-05
11100.0 0.000584686
11105.0 2.8600000000000004e-05
11110.0 -8.39e-05
11115.0 0.000124935
11120.0 0.000238702
11125.0 0.000208615
11130.0 0.000488595
11135.0 0.000263523
11140.0 0.00046081800000000005
11145.0 -6.52e-05
11150.0 0.00035657099999999997
11155.0 0.000271695
11160.0 6.9e-05
11165.0 9.17e-05
11170.0 0.00023678599999999998
11175.0 9.209999999999999e-05
11180.0 3.91e-05
11185.0 -3.4e-05
11190.0 8.640000000000001e-05
11195.0 -0.00013515
11200.0 0.0005380869999999999
11205.0 3.07e-05
11210.0 8.37e-06
11215.0 0.00031051799999999997
11220.0 0.000133288
11225.0 7.15e-05
11230.0 0.000602042
11235.0 0.00024322099999999998
11240.0 -0.000101866
11245.0 0.000443647
11250.0 -2.8100000000000002e-05
11255.0 0.00016999900000000002
11260.0 0.000221495
11265.0 -5.5700000000000005e-05
11270.0 0.000265762
11275.0 -0.00035938400000000003
11280.0 0.000242802
11285.0 0.000267097
11290.0 0.000254652
11295.0 0.000193873
11300.0 -0.000317598
11305.0 -9.279999999999999e-05
11310.0 0.000558201
11315.0 -0.000131815
11320.0 0.00038653900000000003
11325.0 0.000301195
11330.0 0.000423479
11335.0 4.2e-05
11340.0 -0.000262172
11345.0 5.9499999999999996e-05
11350.0 5.8299999999999994e-05
11355.0 -0.00016366200000000002
11360.0 -7.43e-05
11365.0 1.82e-05
11370.0 0.000157822
11375.0 0.00040459400000000004
11380.0 -5.8399999999999997e-05
11385.0 -0.000269153
11390.0 0.00016083799999999998
11395.0 6.27e-05
11400.0 0.000235928
11405.0 0.000174566
11410.0 0.00041301300000000005
11415.0 -0.00036863
11420.0 0.000177204
11425.0 9.740000000000001e-05
11430.0 9.65e-05
11435.0 0.00031522
11440.0 0.000304277
11445.0 0.00019868099999999998
11450.0 -0.00042293699999999997
11455.0 0.000294176
11460.0 0.000282284
11465.0 0.000122511
11470.0 0.000384835
11475.0 0.000278176
11480.0 0.000506016
11485.0 -0.000349886
11490.0 -1.77e-05
11495.0 -0.000210548
11500.0 -0.000324219
11505.0 8.77e-05
11510.0 0.00077464
11515.0 0.000404212
11520.0 9.559999999999999e-05
11525.0 0.00046828699999999996
11530.0 0.00081823
11535.0 0.000148443
11540.0 0.000265594
11545.0 -0.00026944400000000003
11550.0 -0.000210675
11555.0 0.000317739
11560.0 0.000165355
11565.0 0.000390215
11570.0 2.8199999999999998e-05
11575.0 8.22e-06
11580.0 0.000343417
11585.0 0.000184888
11590.0 0.00013659
11595.0 0.000298215
11600.0 0.000216115
11605.0 0.000433842
11610.0 0.000385711
11615.0 -8.37e-05
11620.0 -0.000368636
11625.0 6.64e-05
11630.0 0.000595934
11635.0 0.00043049699999999995
11640.0 0.000354579
11645.0 4.46e-05
11650.0 0.00019435900000000001
11655.0 0.000436669
11660.0 0.0008138619999999999
11665.0 0.0007010510000000001
11670.0 0.000523613
11675.0 0.000485921
11680.0 0.001285957
11685.0 0.00090412
11690.0 0.00122436
11695.0 0.001175483
11700.0 0.0008459019999999999
11705.0 0.000516634
11710.0 0.0006449569999999999
11715.0 0.000551753
11720.0 0.000430074
11725.0 0.000439949
11730.0 0.000763696
11735.0 0.000131361
11740.0 0.000390644
11745.0 0.0008720280000000001
11750.0 0.000361366
11755.0 0.00036183300000000004
11760.0 0.000199638
11765.0 0.000409454
11770.0 0.00046410699999999995
11775.0 0.00040759
11780.0 3.39e-05
11785.0 0.00038263800000000003
11790.0 0.000656499
11795.0 0.00044900699999999997
11800.0 0.0004705
11805.0 0.000521761
11810.0 0.000331446
11815.0 -0.000164203
11820.0 0.000515768
11825.0 0.0006923910000000001
11830.0 0.0007785180000000001
11835.0 0.00018648400000000003
11840.0 0.0013654129999999998
11845.0 0.001095646
11850.0 0.001298435
11855.0 0.001123626
11860.0 0.001072295
11865.0 0.001181208
11870.0 0.001436306
11875.0 0.0013271160000000001
11880.0 0.000807349
11885.0 0.001093604
11890.0 0.00041094
11895.0 0.000563835
11900.0 0.000340225
11905.0 0.0007195530000000001
11910.0 0.000612362
11915.0 0.00050602
11920.0 0.000581499
11925.0 0.0009625339999999999
11930.0 0.0007087689999999999
11935.0 0.000467068
11940.0 0.00044455300000000004
11945.0 0.0007129139999999999
11950.0 0.000789943
11955.0 0.000499711
11960.0 0.000288523
11965.0 0.0005723530000000001
11970.0 0.00057438
11975.0 0.001017879
11980.0 0.001062863
11985.0 0.0008738810000000001
11990.0 0.000698272
11995.0 0.001013825
12000.0 0.0014322439999999998
12005.0 0.001307154
12010.0 0.0020329610000000002
12015.0 0.002100234
12020.0 0.002531458
12025.0 0.002611991
12030.0 0.003409825
12035.0 0.004445371
12040.0 0.005459725
12045.0 0.006811323
12050.0 0.009237912
12055.0 0.01091335
12060.0 0.014195448999999999
12065.0 0.017724609
12070.0 0.021408552
12075.0 0.02443419
12080.0 0.02631578
12085.0 0.027448295
12090.0 0.027756529
12095.0 0.027235187999999997
12100.0 0.026260326
