1900.0 -6.57e-05
1905.0 -0.00012814600000000002
1910.0 -0.000334744
1915.0 -5.11e-05
1920.0 0.000103753
1925.0 0.000139543
1930.0 8.640000000000001e-05
1935.0 0.000112804
1940.0 3.8900000000000004e-05
1945.0 -8.93e-06
1950.0 -1.13e-05
1955.0 -6.04e-05
1960.0 -4.54e-06
1965.0 2.02e-05
1970.0 7.71e-06
1975.0 5.9499999999999996e-05
1980.0 2.7699999999999996e-05
1985.0 -5.99e-06
1990.0 -3.41e-05
1995.0 -3.54e-05
2000.0 -1.5e-06
2005.0 -1.09e-05
2010.0 -1.63e-06
2015.0 1.5399999999999998e-05
2020.0 1.7800000000000002e-05
2025.0 3.3e-05
2030.0 2.23e-05
2035.0 1.4400000000000001e-05
2040.0 -1.32e-05
2045.0 -2.5e-05
2050.0 -1.6800000000000002e-05
2055.0 1.9600000000000002e-05
2060.0 -1.49e-05
2065.0 4.23e-05
2070.0 2.84e-05
2075.0 8.67e-06
2080.0 1.88e-05
2085.0 -3.15e-05
2090.0 -1.82e-05
2095.0 -1.67e-05
2100.0 -6.34e-06
2105.0 -1.34e-06
2110.0 2.91e-06
2115.0 5.04e-05
2120.0 3.27e-05
2125.0 3.17e-05
2130.0 -1.3800000000000002e-05
2135.0 1.22e-05
2140.0 -1.12e-05
2145.0 1.18e-05
2150.0 2.52e-05
2155.0 2.09e-05
2160.0 2.9600000000000005e-05
2165.0 2.8199999999999998e-05
2170.0 1.1599999999999999e-05
2175.0 1.11e-05
2180.0 -3.12e-06
2185.0 -1.34e-05
2190.0 -3.3100000000000004e-07
2195.0 1.91e-05
2200.0 2.8300000000000003e-05
2205.0 2.8300000000000003e-05
2210.0 1.4999999999999999e-05
2215.0 1.34e-05
2220.0 -7.57e-06
2225.0 -2.2e-05
2230.0 -1.75e-05
2235.0 -3.74e-07
2240.0 1.06e-05
2245.0 1.9e-05
2250.0 2.64e-05
2255.0 3.97e-05
2260.0 1.28e-05
2265.0 -2.64e-07
2270.0 5.05e-06
2275.0 2.81e-06
2280.0 1.46e-06
2285.0 2.44e-05
2290.0 2.3899999999999998e-05
2295.0 4.5600000000000004e-05
2300.0 3.11e-05
2305.0 2.3899999999999998e-05
2310.0 1e-05
2315.0 -2.08e-07
2320.0 -1.23e-05
2325.0 -1.09e-05
2330.0 1.8e-05
2335.0 3.28e-05
2340.0 3.229999999999999e-05
2345.0 2.3e-05
2350.0 2.02e-05
2355.0 8.59e-06
2360.0 -1.4300000000000002e-05
2365.0 -1.55e-05
2370.0 5.16e-07
2375.0 1.18e-05
2380.0 1.82e-05
2385.0 2.9999999999999997e-05
2390.0 4e-05
2395.0 1.82e-05
2400.0 2.4e-05
2405.0 -1.98e-05
2410.0 -1.74e-05
2415.0 -1.4800000000000002e-05
2420.0 -1.04e-05
2425.0 2.37e-05
2430.0 3.5e-05
2435.0 3.28e-05
2440.0 5.43e-06
2445.0 -2.32e-06
2450.0 1.07e-05
2455.0 -1.13e-05
2460.0 -4.81e-06
2465.0 1.1e-05
2470.0 2.26e-05
2475.0 3.07e-05
2480.0 4.41e-05
2485.0 2.7899999999999997e-05
2490.0 2.52e-05
2495.0 1.85e-06
2500.0 -2.8899999999999998e-05
2505.0 2.17e-06
2510.0 -6.46e-06
2515.0 -9.56e-06
2520.0 3.8900000000000004e-05
2525.0 2.36e-05
2530.0 -1.84e-06
2535.0 2.2800000000000002e-05
2540.0 -1.05e-05
2545.0 -8.1e-07
2550.0 7.990000000000001e-07
2555.0 -6.4e-06
2560.0 2.0300000000000002e-05
2565.0 2.1899999999999997e-05
2570.0 2.72e-05
2575.0 2.46e-05
2580.0 -1.92e-06
2585.0 -7.92e-06
2590.0 -1.1599999999999999e-05
2595.0 6.1e-06
2600.0 6.32e-06
2605.0 2.09e-05
2610.0 3.0799999999999996e-05
2615.0 3.9200000000000004e-05
2620.0 3.2200000000000003e-05
2625.0 7.93e-06
2630.0 -2.85e-06
2635.0 -1.1400000000000001e-05
2640.0 5.06e-07
2645.0 -2.34e-05
2650.0 1.4000000000000001e-05
2655.0 3.84e-05
2660.0 3.53e-05
2665.0 2.4e-05
2670.0 3.27e-05
2675.0 -1.81e-06
2680.0 -2.7899999999999997e-05
2685.0 1.7899999999999998e-05
2690.0 1.1599999999999999e-05
2695.0 1.7e-05
2700.0 1.7199999999999998e-05
2705.0 4.429999999999999e-05
2710.0 9.75e-06
2715.0 1.39e-05
2720.0 -1.28e-05
2725.0 -2.6000000000000002e-05
2730.0 -4.05e-05
2735.0 1.66e-06
2740.0 -6.71e-06
2745.0 4.0600000000000004e-05
2750.0 9.56e-06
2755.0 1.9399999999999997e-05
2760.0 7.55e-06
2765.0 1.62e-06
2770.0 -2.4e-05
2775.0 -2.68e-05
2780.0 -1.8e-05
2785.0 2.84e-05
2790.0 2.7899999999999997e-05
2795.0 1.98e-05
2800.0 3.64e-05
2805.0 8.53e-06
2810.0 6.66e-06
2815.0 -2.3199999999999998e-05
2820.0 -1.73e-05
2825.0 7.27e-06
2830.0 3.3e-05
2835.0 4.8700000000000005e-05
2840.0 2.33e-05
2845.0 3.15e-05
2850.0 3.71e-05
2855.0 1.6800000000000002e-05
2860.0 4.61e-06
2865.0 -1.15e-05
2870.0 -9.3e-06
2875.0 -1.6899999999999997e-05
2880.0 -2.04e-06
2885.0 1.76e-05
2890.0 3.5799999999999996e-05
2895.0 2.55e-05
2900.0 -1.07e-05
2905.0 6.77e-06
2910.0 -2.5300000000000002e-05
2915.0 -2.4299999999999998e-05
2920.0 -9.66e-07
2925.0 4.3200000000000007e-05
2930.0 4.3700000000000005e-05
2935.0 1.25e-05
2940.0 2.3100000000000002e-05
2945.0 5.68e-07
2950.0 2.07e-05
2955.0 -6.3e-06
2960.0 7.1e-07
2965.0 2.6000000000000002e-05
2970.0 8.74e-06
2975.0 -3.48e-07
2980.0 4.07e-05
2985.0 -2.7899999999999997e-05
2990.0 -4.78e-06
2995.0 -1.7100000000000002e-05
3000.0 -1.49e-05
3005.0 -7.51e-06
3010.0 2.55e-05
3015.0 5.8200000000000005e-05
3020.0 5.7600000000000004e-05
3025.0 -2.44e-06
3030.0 -5.86e-06
3035.0 -9.96e-06
3040.0 7.74e-06
3045.0 9.67e-06
3050.0 2.7600000000000003e-05
3055.0 4.46e-05
3060.0 -1.56e-05
3065.0 -6.61e-06
3070.0 2.35e-05
3075.0 2.61e-06
3080.0 -7.97e-06
3085.0 -9.18e-06
3090.0 1.51e-05
3095.0 7.03e-06
3100.0 -1.75e-05
3105.0 3.16e-05
3110.0 4.8599999999999995e-05
3115.0 3.41e-05
3120.0 1.11e-05
3125.0 -6.1e-07
3130.0 3.8e-05
3135.0 -1.4599999999999999e-05
3140.0 4.63e-06
3145.0 3.84e-05
3150.0 3.11e-05
3155.0 -5.82e-06
3160.0 4.210000000000001e-05
3165.0 -7.21e-06
3170.0 0.000873996
3175.0 0.004732584000000001
3180.0 0.007432340999999999
3185.0 0.00372781
3190.0 0.000193841
3195.0 -3.44e-06
3200.0 3.07e-05
3205.0 5.45e-05
3210.0 4.1899999999999995e-05
3215.0 -2.8999999999999997e-05
3220.0 1.5399999999999998e-05
3225.0 1.06e-05
3230.0 -2.02e-05
3235.0 4.5600000000000004e-05
3240.0 0.00034062599999999996
3245.0 0.001518142
3250.0 0.00210778
3255.0 0.00099655
3260.0 3.3799999999999995e-05
3265.0 6.98e-06
3270.0 1.66e-05
3275.0 0.00041345
3280.0 0.0008193689999999999
3285.0 0.0007355310000000001
3290.0 0.000330913
3295.0 6.05e-05
3300.0 1.51e-05
3305.0 2.3e-05
3310.0 2.4e-05
3315.0 2.24e-05
3320.0 -3.3e-05
3325.0 -4.1899999999999995e-05
3330.0 6.57e-05
3335.0 2.9600000000000005e-05
3340.0 1.72e-06
3345.0 7.759999999999999e-05
3350.0 4.6899999999999995e-05
3355.0 -6.12e-06
3360.0 -3.01e-05
3365.0 -1.4300000000000002e-05
3370.0 -2.5e-06
3375.0 -5.479999999999999e-05
3380.0 6.98e-06
3385.0 7.84e-06
3390.0 -4.98e-05
3395.0 -5.94e-05
3400.0 -4.46e-05
3405.0 2.8499999999999998e-05
3410.0 0.000124645
3415.0 1.74e-05
3420.0 -3.34e-05
3425.0 2.27e-05
3430.0 7.140000000000001e-05
3435.0 7.55e-05
3440.0 3.53e-05
3445.0 4.01e-05
3450.0 8.05e-05
3455.0 -6.28e-05
3460.0 7.609999999999999e-05
3465.0 -5.9999999999999995e-05
3470.0 -5.79e-05
3475.0 3.289999999999999e-05
3480.0 -9.96e-06
3485.0 7.77e-05
3490.0 0.000168035
3495.0 -2.3100000000000002e-05
3500.0 -1.7e-05
3505.0 -1.03e-06
3510.0 7.15e-06
3515.0 2.2e-05
3520.0 6.7e-06
3525.0 1.6800000000000002e-05
3530.0 9.93e-06
3535.0 4.03e-06
3540.0 5.489999999999999e-05
3545.0 6.22e-05
3550.0 2.61e-05
3555.0 2.4299999999999998e-05
3560.0 8.86e-06
3565.0 1.8100000000000003e-05
3570.0 6.83e-06
3575.0 6.95e-06
3580.0 2.8199999999999998e-05
3585.0 2.6600000000000003e-05
3590.0 4.18e-05
3595.0 0.000123315
3600.0 0.000262864
3605.0 0.000291017
3610.0 0.000174993
3615.0 5e-05
3620.0 2.3199999999999998e-05
3625.0 3.1e-05
3630.0 2.48e-05
3635.0 2.25e-05
3640.0 1.0199999999999999e-05
3645.0 8.599999999999999e-06
3650.0 1.07e-05
3655.0 1.4800000000000002e-05
3660.0 1.8100000000000003e-05
3665.0 3.43e-05
3670.0 3.07e-05
3675.0 2.49e-05
3680.0 2.3899999999999998e-05
3685.0 2.46e-05
3690.0 1.1900000000000001e-05
3695.0 6.93e-06
3700.0 -4.43e-06
3705.0 5.37e-06
3710.0 1.51e-06
3715.0 3.0299999999999998e-05
3720.0 1.76e-05
3725.0 2.99e-05
3730.0 9.5e-06
3735.0 1.1400000000000001e-05
3740.0 1.9e-05
3745.0 -5.04e-07
3750.0 4.82e-06
3755.0 2.57e-05
3760.0 2.3899999999999998e-05
3765.0 4.33e-05
3770.0 0.000440689
3775.0 0.00193447
3780.0 0.002786505
3785.0 0.001308051
3790.0 3.74e-05
3795.0 1.53e-05
3800.0 1.28e-05
3805.0 8.78e-06
3810.0 3.3100000000000005e-05
3815.0 1.3300000000000001e-05
3820.0 6.64e-07
3825.0 -5.3e-06
3830.0 7.54e-06
3835.0 -1.11e-06
3840.0 1.8100000000000003e-05
3845.0 3.3799999999999995e-05
3850.0 8.36e-05
3855.0 8.79e-05
3860.0 5.12e-05
3865.0 5.61e-07
3870.0 2.45e-05
3875.0 3.96e-05
3880.0 1.9699999999999998e-05
3885.0 4.9e-05
3890.0 7.35e-05
3895.0 0.000218467
3900.0 0.00047112300000000005
3905.0 0.000431703
3910.0 0.00014996
3915.0 3.23e-06
3920.0 7.11e-05
3925.0 0.000269207
3930.0 0.000292782
3935.0 0.00014387799999999998
3940.0 4.15e-05
3945.0 8.02e-05
3950.0 0.000102723
3955.0 2.9999999999999997e-05
3960.0 -4.95e-06
3965.0 -8.17e-06
3970.0 1.7199999999999998e-05
3975.0 3.32e-05
3980.0 0.00011028600000000001
3985.0 0.000123448
3990.0 6.55e-05
3995.0 6.75e-05
4000.0 8.94e-05
4005.0 2.57e-05
4010.0 4.17e-06
4015.0 1.22e-05
4020.0 0.000258386
4025.0 0.000653684
4030.0 0.000632656
4035.0 0.000255497
4040.0 2.1899999999999997e-05
4045.0 8.79e-06
4050.0 -2.61e-07
4055.0 1.55e-05
4060.0 2.1899999999999997e-05
4065.0 2.98e-05
4070.0 9.8e-05
4075.0 0.000137468
4080.0 6.86e-05
4085.0 3.11e-05
4090.0 5.2900000000000005e-05
4095.0 8.14e-05
4100.0 3.3600000000000004e-05
4105.0 1.18e-05
4110.0 3.66e-05
4115.0 5.7999999999999994e-05
4120.0 4.33e-05
4125.0 4.48e-05
4130.0 4.4e-05
4135.0 1.82e-05
4140.0 6.77e-06
4145.0 -7.32e-06
4150.0 2.07e-06
4155.0 1.7800000000000002e-05
4160.0 3.12e-05
4165.0 6.61e-05
4170.0 4.970000000000001e-05
4175.0 1.4300000000000002e-05
4180.0 1.25e-06
4185.0 6.72e-06
4190.0 1.77e-06
4195.0 3.78e-05
4200.0 0.000202544
4205.0 0.000623076
4210.0 0.0008532110000000001
4215.0 0.000542614
4220.0 0.000140353
4225.0 2.08e-05
4230.0 6.979999999999999e-05
4235.0 0.000113895
4240.0 6.850000000000001e-05
4245.0 3.3100000000000005e-05
4250.0 1.24e-05
4255.0 1.92e-05
4260.0 1.4999999999999999e-05
4265.0 1.09e-05
4270.0 2.8199999999999998e-05
4275.0 6.36e-05
4280.0 0.00011318700000000001
4285.0 6.19e-05
4290.0 6.38e-05
4295.0 0.000104465
4300.0 0.00011454299999999999
4305.0 5.7499999999999995e-05
4310.0 4.68e-05
4315.0 8.32e-05
4320.0 0.00016951099999999998
4325.0 0.00016780700000000001
4330.0 7.53e-05
4335.0 5.3200000000000006e-05
4340.0 0.000118989
4345.0 0.00011973100000000001
4350.0 5.489999999999999e-05
4355.0 1.06e-05
4360.0 -4.43e-06
4365.0 -2.19e-06
4370.0 1.53e-05
4375.0 8.96e-06
4380.0 1.62e-05
4385.0 2.0399999999999998e-05
4390.0 2.15e-05
4395.0 1.6100000000000002e-05
4400.0 3.8799999999999994e-05
4405.0 5.6200000000000004e-05
4410.0 2.35e-05
4415.0 -5.86e-06
4420.0 2.57e-07
4425.0 3.65e-05
4430.0 8.93e-05
4435.0 0.000114646
4440.0 6.75e-05
4445.0 2.8899999999999998e-05
4450.0 -3.92e-06
4455.0 9.61e-06
4460.0 3.97e-06
4465.0 3.74e-06
4470.0 1.93e-05
4475.0 2.55e-05
4480.0 2.3199999999999998e-05
4485.0 2.14e-05
4490.0 1.55e-05
4495.0 -1.91e-06
4500.0 -2.22e-06
4505.0 -1.25e-06
4510.0 1.78e-06
4515.0 1.89e-05
4520.0 1.95e-05
4525.0 9.6e-06
4530.0 7.08e-06
4535.0 6.91e-06
4540.0 -1.66e-05
4545.0 -9.95e-06
4550.0 5.61e-06
4555.0 2.65e-05
4560.0 4.4200000000000004e-05
4565.0 6.96e-05
4570.0 2.1600000000000003e-05
4575.0 9.13e-06
4580.0 1.32e-06
4585.0 1.85e-05
4590.0 5.11e-05
4595.0 9.059999999999999e-05
4600.0 3.63e-05
4605.0 1.13e-05
4610.0 2.8300000000000003e-05
4615.0 2.15e-05
4620.0 1.64e-05
4625.0 1.53e-05
4630.0 1.06e-05
4635.0 1.1e-06
4640.0 -4.72e-06
4645.0 8.11e-06
4650.0 5.15e-06
4655.0 1.1900000000000001e-05
4660.0 2.1e-05
4665.0 2.7699999999999996e-05
4670.0 -2.59e-06
4675.0 8.87e-06
4680.0 -1.68e-06
4685.0 6.1e-06
4690.0 5.03e-06
4695.0 8.31e-06
4700.0 1.64e-05
4705.0 4.41e-06
4710.0 1.23e-06
4715.0 -3.19e-07
4720.0 9.079999999999999e-07
4725.0 6.37e-06
4730.0 4.78e-06
4735.0 4.96e-06
4740.0 4.22e-05
4745.0 5.56e-05
4750.0 1.92e-05
4755.0 2.05e-06
4760.0 4.6e-06
4765.0 -3.59e-06
4770.0 1.64e-05
4775.0 1.05e-05
4780.0 5.05e-06
4785.0 1.58e-05
4790.0 1.21e-05
4795.0 1.2e-05
4800.0 5.98e-06
4805.0 4.1200000000000005e-05
4810.0 0.000355426
4815.0 0.000652061
4820.0 0.000391229
4825.0 5.5299999999999996e-05
4830.0 7.16e-06
4835.0 2.8100000000000002e-05
4840.0 2.07e-05
4845.0 2.7000000000000002e-05
4850.0 2.99e-05
4855.0 7.88e-06
4860.0 8.01e-06
4865.0 5e-06
4870.0 -6.8e-06
4875.0 1.7899999999999998e-05
4880.0 2.24e-05
4885.0 4.29e-05
4890.0 7.840000000000001e-05
4895.0 9.379999999999999e-05
4900.0 0.000119377
4905.0 0.000133127
4910.0 4.61e-05
4915.0 1.7100000000000002e-05
4920.0 3.46e-05
4925.0 4.0600000000000004e-05
4930.0 9.08e-06
4935.0 1.6e-05
4940.0 3.66e-06
4945.0 1.32e-05
4950.0 -6.34e-07
4955.0 1.51e-05
4960.0 5.27e-05
4965.0 0.000146905
4970.0 0.00017570400000000002
4975.0 0.00010967899999999999
4980.0 5.489999999999999e-05
4985.0 1.26e-05
4990.0 -3.81e-06
4995.0 5.15e-06
5000.0 -9.459999999999999e-07
5005.0 9.47e-06
5010.0 4.41e-06
5015.0 1.42e-05
5020.0 7.699999999999999e-06
5025.0 3.7000000000000006e-06
5030.0 4.71e-06
5035.0 4.78e-07
5040.0 -3.85e-06
5045.0 1.25e-06
5050.0 1.3300000000000001e-05
5055.0 1.23e-05
5060.0 1.65e-05
5065.0 2.34e-05
5070.0 6.06e-06
5075.0 6.79e-06
5080.0 5.29e-06
5085.0 1.28e-05
5090.0 -8.09e-06
5095.0 -3.55e-06
5100.0 3.4e-06
5105.0 1.7100000000000002e-05
5110.0 1.4999999999999999e-05
5115.0 1.1599999999999999e-05
5120.0 1.3000000000000001e-05
5125.0 2.5e-05
5130.0 3.3100000000000005e-05
5135.0 1.2e-05
5140.0 1.18e-05
5145.0 2.27e-05
5150.0 5.629999999999999e-05
5155.0 8.640000000000001e-05
5160.0 0.000129566
5165.0 6.68e-05
5170.0 1.42e-05
5175.0 6.21e-06
5180.0 -3.69e-06
5185.0 7.55e-06
5190.0 6.96e-06
5195.0 1.25e-05
5200.0 2.07e-05
5205.0 2.0300000000000002e-05
5210.0 1.3699999999999998e-05
5215.0 -5.43e-06
5220.0 -4.01e-06
5225.0 2.73e-07
5230.0 9.42e-06
5235.0 9.58e-06
5240.0 4.63e-06
5245.0 1.8e-05
5250.0 -7.58e-06
5255.0 1.18e-05
5260.0 1.53e-05
5265.0 -1.26e-05
5270.0 -7.33e-06
5275.0 1.49e-05
5280.0 9.9e-06
5285.0 1.6100000000000002e-05
5290.0 2.34e-05
5295.0 8.49e-06
5300.0 1.07e-05
5305.0 -1.41e-06
5310.0 6.7e-06
5315.0 -1.63e-06
5320.0 9.36e-06
5325.0 2.3800000000000003e-05
5330.0 5.22e-05
5335.0 6.91e-05
5340.0 4.59e-05
5345.0 1.25e-05
5350.0 1.04e-05
5355.0 1.49e-05
5360.0 3.53e-05
5365.0 6.63e-05
5370.0 0.00010438799999999999
5375.0 0.00010939100000000001
5380.0 8.41e-05
5385.0 8.109999999999999e-05
5390.0 8.950000000000001e-05
5395.0 0.000135479
5400.0 0.00016373
5405.0 0.000125777
5410.0 8.02e-05
5415.0 7.46e-05
5420.0 8.379999999999999e-05
5425.0 0.00015516
5430.0 0.000308593
5435.0 0.00035747800000000005
5440.0 0.000209581
5445.0 8.950000000000001e-05
5450.0 7.13e-05
5455.0 6.55e-05
5460.0 0.00010242
5465.0 0.000219039
5470.0 0.00031945599999999997
5475.0 0.000212193
5480.0 7.75e-05
5485.0 2.3199999999999998e-05
5490.0 1.53e-05
5495.0 1.23e-05
5500.0 2.24e-05
5505.0 3.0299999999999998e-05
5510.0 2.33e-05
5515.0 3.1e-05
5520.0 2.14e-05
5525.0 1.9e-05
5530.0 2.65e-05
5535.0 4.429999999999999e-05
5540.0 7.859999999999999e-05
5545.0 0.000131972
5550.0 0.00026679599999999997
5555.0 0.000574279
5560.0 0.001487002
5565.0 0.004505849
5570.0 0.014987107
5575.0 0.048812575999999996
5580.0 0.13758947
5585.0 0.305558592
5590.0 0.607322216
5595.0 1.2654191259999998
5600.0 3.1096374989999997
5605.0 8.695883751
5610.0 22.93065071
5615.0 48.56520462
5620.0 75.21292114
5625.0 91.83769226
5630.0 97.34027863
5635.0 97.3742218
5640.0 96.64820099
5645.0 96.55911255
5650.0 96.79111481
5655.0 97.40024567
5660.0 98.06993866
5665.0 98.5561142
5670.0 98.83621979
5675.0 99.00092316
5680.0 99.05654907
5685.0 99.04429626
5690.0 98.88612366
5695.0 98.72463989
5700.0 98.4420929
5705.0 98.34963226
5710.0 98.39761353
5715.0 98.54116821
5720.0 98.55632019
5725.0 98.4462204
5730.0 98.40647125
5735.0 98.50937653
5740.0 98.51654053
5745.0 98.70456696
5750.0 98.93121338
5755.0 98.8891449
5760.0 98.98799133
5765.0 98.96569824
5770.0 98.98983765
5775.0 99.03118896
5780.0 98.94944
5785.0 98.87770081
5790.0 98.87033081
5795.0 98.89672089
5800.0 98.87191772
5805.0 98.97967529
5810.0 99.04678345
5815.0 99.0020752
5820.0 98.92290497
5825.0 98.95819092
5830.0 98.94125366
5835.0 98.85604095
5840.0 98.87482452
5845.0 98.87564087
5850.0 98.79055023
5855.0 98.76374054
5860.0 98.92150879
5865.0 99.00162506
5870.0 98.99781799
5875.0 99.01378632
5880.0 99.05665588
5885.0 98.94799805
5890.0 99.01020813
5895.0 98.99807739
5900.0 99.03069305
5905.0 99.04956818
5910.0 99.04434204
5915.0 99.0171814
5920.0 98.91139221
5925.0 98.92372131
5930.0 98.92412567
5935.0 98.90805817
5940.0 98.99971008
5945.0 98.98394012
5950.0 98.92733002
5955.0 98.91619109999999
5960.0 98.9260025
5965.0 98.9859848
5970.0 99.01348114
5975.0 99.00048828
5980.0 98.98863983
5985.0 98.98774719
5990.0 98.92274475
5995.0 98.92922974
6000.0 99.03483582
6005.0 99.05567169
6010.0 99.10873413
6015.0 99.08295441
6020.0 99.06824493
6025.0 99.06575012
6030.0 99.06472015
6035.0 99.04944611
6040.0 99.11408234
6045.0 99.10256958
6050.0 99.12677002
6055.0 99.06018066
6060.0 99.02129364
6065.0 99.09298706
6070.0 99.10215759
6075.0 99.11211395
6080.0 99.07371521
6085.0 99.12451935
6090.0 99.04946136
6095.0 99.03206635
6100.0 98.98863983
6105.0 99.03527832
6110.0 99.02671051
6115.0 99.13581085
6120.0 99.07196045
6125.0 99.09893036
6130.0 99.10301208
6135.0 99.02720642
6140.0 99.09307861
6145.0 99.08750153
6150.0 99.11933899
6155.0 99.16751099
6160.0 99.1259613
6165.0 99.08143616
6170.0 99.07288361
6175.0 99.09368134
6180.0 99.01787567
6185.0 99.15932465
6190.0 99.14774323
6195.0 99.13570404
6200.0 99.10401917
6205.0 99.10890198
6210.0 99.11225128
6215.0 99.08911896
6220.0 99.11164856
6225.0 99.05123901
6230.0 99.1399765
6235.0 99.12019348
6240.0 99.13353729
6245.0 99.12595367
6250.0 99.05438995
6255.0 98.99698639
6260.0 99.04689026
6265.0 99.06147003
6270.0 99.14855194
6275.0 99.14331818
6280.0 99.16439056
6285.0 99.11326599
6290.0 99.14598083
6295.0 99.09157562
6300.0 99.06407928
6305.0 99.12163544
6310.0 99.01966095
6315.0 99.05847931
6320.0 98.98557281
6325.0 98.99013519
6330.0 99.02227783
6335.0 98.90705109
6340.0 99.01361847
6345.0 98.93625641
6350.0 99.03139496
6355.0 99.05699158
6360.0 98.9812851
6365.0 99.02072906
6370.0 98.99168396
6375.0 98.97689819
6380.0 99.06204987
6385.0 98.99890137
6390.0 99.06415558
6395.0 99.11051941
6400.0 99.06408691
6405.0 98.99726868
6410.0 99.01103973
6415.0 98.98836517
6420.0 99.05054474
6425.0 99.00015259
6430.0 98.96714783
6435.0 98.97533417
6440.0 98.93126678
6445.0 98.89318085
6450.0 98.92588806
6455.0 98.97514343
6460.0 98.97979736
6465.0 98.99243164
6470.0 99.04285431
6475.0 99.01189423
6480.0 98.85098267
6485.0 98.74404907
6490.0 98.73642731
6495.0 98.69680023
6500.0 98.70305634
6505.0 98.748703
6510.0 98.83693695
6515.0 98.9725647
6520.0 98.90415955
6525.0 98.96047974
6530.0 98.87306976
6535.0 98.87239075
6540.0 98.83750916
6545.0 98.83430481
6550.0 98.88111877
6555.0 98.86930084
6560.0 98.97571564
6565.0 98.9625473
6570.0 98.8814621
6575.0 98.85890198
6580.0 98.81342316
6585.0 98.80698395
6590.0 98.79940033
6595.0 98.93473816
6600.0 98.95277405
6605.0 98.97792816
6610.0 98.960495
6615.0 99.0734787
6620.0 98.96477509
6625.0 99.00576019
6630.0 99.01844788
6635.0 98.98448944
6640.0 98.9593277
6645.0 98.96561432
6650.0 98.99337006
6655.0 98.97211456
6660.0 98.89315796
6665.0 98.91492462
6670.0 99.00363922
6675.0 99.07807159
6680.0 99.02587891
6685.0 99.03998566
6690.0 98.96718597
6695.0 98.85053253
6700.0 98.78223419
6705.0 98.73724365
6710.0 98.65751648
6715.0 98.56964874
6720.0 98.54489899
6725.0 98.19868469
6730.0 98.03125763
6735.0 97.93740845
6740.0 97.88640594
6745.0 98.05283356
6750.0 98.22677612
6755.0 98.52931213
6760.0 98.77227783
6765.0 98.93925476
6770.0 98.98617554
6775.0 99.00727081
6780.0 98.95766449
6785.0 98.96198273
6790.0 98.91009521
6795.0 98.63784790000001
6800.0 98.28408051
6805.0 97.68930054
6810.0 97.21537781
6815.0 97.0065155
6820.0 97.00714111
6825.0 97.23451233
6830.0 97.32618713
6835.0 97.22176361
6840.0 97.06070709
6845.0 97.14564514
6850.0 97.70549774
6855.0 97.79177094
6860.0 95.34152985
6865.0 88.46347046
6870.0 76.38985443
6875.0 58.55210495
6880.0 37.79838181
6885.0 15.79225922
6890.0 7.624443053999999
6895.0 2.7630908489999997
6900.0 1.0157868859999999
6905.0 0.388060987
6910.0 0.168923661
6915.0 0.079477541
6920.0 0.039557416
6925.0 0.021593353
6930.0 0.012348025
6935.0 0.007404929
6940.0 0.004746446
6945.0 0.0032177990000000004
6950.0 0.00227214
6955.0 0.0016238370000000002
6960.0 0.00126403
6965.0 0.000976993
6970.0 0.0008482689999999999
6975.0 0.000747218
6980.0 0.0006993980000000001
6985.0 0.000706566
6990.0 0.0007439839999999999
6995.0 0.000823909
7000.0 0.0009418219999999999
7005.0 0.001104763
7010.0 0.001036828
7015.0 0.0008136630000000001
7020.0 0.000520235
7025.0 0.000281084
7030.0 0.000154345
7035.0 0.000131114
7040.0 0.00010070700000000001
7045.0 6.07e-05
7050.0 4.02e-05
7055.0 3.68e-05
7060.0 1.65e-05
7065.0 2.6600000000000003e-05
7070.0 2.01e-05
7075.0 3.43e-05
7080.0 2.8000000000000003e-05
7085.0 3.34e-05
7090.0 3.8299999999999996e-05
7095.0 2.42e-05
7100.0 1.1400000000000001e-05
7105.0 -1.24e-06
7110.0 1.9399999999999997e-05
7115.0 2.7699999999999996e-05
7120.0 1.65e-05
7125.0 4.8100000000000004e-05
7130.0 4.09e-05
7135.0 6.01e-05
7140.0 6.850000000000001e-05
7145.0 7.72e-05
7150.0 0.000140681
7155.0 0.000234716
7160.0 0.000321846
7165.0 0.00031583
7170.0 0.000286402
7175.0 0.000216142
7180.0 0.000160639
7185.0 0.000119378
7190.0 0.000133936
7195.0 0.000176524
7200.0 0.000231308
7205.0 0.000312534
7210.0 0.000495996
7215.0 0.000631122
7220.0 0.000556225
7225.0 0.00036274800000000003
7230.0 0.000213677
7235.0 0.00014066100000000001
7240.0 9.27e-05
7245.0 8.66e-05
7250.0 6.929999999999999e-05
7255.0 7.74e-05
7260.0 8.950000000000001e-05
7265.0 9.6e-05
7270.0 0.00010851
7275.0 0.000202168
7280.0 0.00034250800000000005
7285.0 0.00046887199999999995
7290.0 0.00043310800000000003
7295.0 0.000253793
7300.0 0.000115432
7305.0 0.000111035
7310.0 6.37e-05
7315.0 5.2900000000000005e-05
7320.0 3.52e-05
7325.0 2.14e-05
7330.0 2.9600000000000005e-05
7335.0 9.4e-06
7340.0 3.6099999999999997e-05
7345.0 3.3799999999999995e-05
7350.0 5.739999999999999e-05
7355.0 5.19e-05
7360.0 5.5e-05
7365.0 4.84e-05
7370.0 4.429999999999999e-05
7375.0 3.65e-05
7380.0 6.05e-05
7385.0 0.000113509
7390.0 9.36e-05
7395.0 8.89e-05
7400.0 0.000101181
7405.0 7.46e-05
7410.0 5.0900000000000004e-05
7415.0 4.95e-05
7420.0 7.74e-05
7425.0 7.759999999999999e-05
7430.0 0.000110866
7435.0 0.000154412
7440.0 0.000265043
7445.0 0.0009111810000000001
7450.0 0.002010175
7455.0 0.0019261120000000002
7460.0 0.000861775
7465.0 0.000249818
7470.0 0.00011061
7475.0 9.449999999999999e-05
7480.0 5.920000000000001e-05
7485.0 7.209999999999999e-05
7490.0 6.95e-05
7495.0 3.6e-05
7500.0 3.24e-05
7505.0 4.57e-05
7510.0 3.66e-05
7515.0 7.140000000000001e-05
7520.0 9.640000000000001e-05
7525.0 0.000180672
7530.0 0.000314555
7535.0 0.000589286
7540.0 0.0007065169999999999
7545.0 0.000589083
7550.0 0.000415628
7555.0 0.000203334
7560.0 0.000160781
7565.0 0.000145368
7570.0 0.0001192
7575.0 0.000149139
7580.0 0.000125359
7585.0 0.000112095
7590.0 0.000109719
7595.0 7.63e-05
7600.0 7.759999999999999e-05
7605.0 6.96e-05
7610.0 8.56e-05
7615.0 6.159999999999999e-05
7620.0 6.11e-05
7625.0 5.47e-05
7630.0 3.9200000000000004e-05
7635.0 3.0799999999999996e-05
7640.0 2.3800000000000003e-05
7645.0 5.489999999999999e-05
7650.0 5.8299999999999994e-05
7655.0 3.37e-05
7660.0 6.32e-05
7665.0 0.000119852
7670.0 8.92e-05
7675.0 8.43e-05
7680.0 0.000110805
7685.0 0.00026382900000000004
7690.0 0.0007745089999999999
7695.0 0.00191521
7700.0 0.00289805
7705.0 0.002398346
7710.0 0.001088961
7715.0 0.00063151
7720.0 0.000495452
7725.0 0.000466183
7730.0 0.000583664
7735.0 0.001264245
7740.0 0.0026069120000000003
7745.0 0.00298371
7750.0 0.001763141
7755.0 0.000668019
7760.0 0.000240253
7765.0 0.000113701
7770.0 6.15e-05
7775.0 3.13e-05
7780.0 4.7499999999999996e-05
7785.0 3.07e-05
7790.0 2.72e-05
7795.0 5.03e-05
7800.0 5.59e-05
7805.0 1.4000000000000001e-05
7810.0 9.67e-05
7815.0 2.46e-05
7820.0 -1.63e-05
7825.0 6.21e-05
7830.0 3.6099999999999997e-05
7835.0 3.26e-05
7840.0 7.13e-05
7845.0 6.759999999999999e-05
7850.0 8.27e-05
7855.0 0.00011185
7860.0 8.03e-05
7865.0 0.00019827400000000002
7870.0 0.000258193
7875.0 0.000565599
7880.0 0.001071435
7885.0 0.00148233
7890.0 0.001368227
7895.0 0.000888553
7900.0 0.000499544
7905.0 0.00028344
7910.0 0.000175578
7915.0 0.00010646600000000001
7920.0 0.000114832
7925.0 0.000141995
7930.0 0.000149536
7935.0 0.00010068700000000001
7940.0 9.44e-05
7945.0 8.66e-05
7950.0 8.03e-05
7955.0 3.01e-05
7960.0 3.5e-05
7965.0 8.79e-05
7970.0 9.300000000000001e-05
7975.0 8.120000000000001e-05
7980.0 7.209999999999999e-05
7985.0 7.85e-05
7990.0 3.72e-05
7995.0 3.6099999999999997e-05
8000.0 7.72e-05
8005.0 0.000309973
8010.0 -0.00019387900000000002
8015.0 4.92e-05
8020.0 0.000253482
8025.0 0.000377854
8030.0 -0.000382032
8035.0 0.000602395
8040.0 0.000607454
8045.0 0.000764793
8050.0 0.001057487
8055.0 0.000405211
8060.0 0.000923447
8065.0 0.00034098900000000004
8070.0 0.000464968
8075.0 0.000688012
8080.0 7.43e-05
8085.0 0.000396045
8090.0 0.00033478800000000003
8095.0 0.000457712
8100.0 0.000367031
8105.0 0.00034223900000000004
8110.0 0.000241466
8115.0 0.000563165
8120.0 5.3299999999999995e-05
8125.0 0.000324422
8130.0 0.00029568
8135.0 5.7700000000000007e-05
8140.0 0.000266537
8145.0 -8.08e-05
8150.0 6.45e-05
8155.0 0.000135248
8160.0 0.000651896
8165.0 -0.000138689
8170.0 0.00060912
8175.0 0.000111495
8180.0 0.000395823
8185.0 0.00035399300000000004
8190.0 0.00017795400000000002
8195.0 0.000797848
8200.0 0.000519709
8205.0 0.0005536709999999999
8210.0 0.00034963199999999995
8215.0 0.000610071
8220.0 0.000877925
8225.0 -0.000330269
8230.0 0.00026215900000000004
8235.0 3.32e-05
8240.0 0.000305705
8245.0 -0.000309849
8250.0 0.000295848
8255.0 8.109999999999999e-05
8260.0 0.000180398
8265.0 0.000129709
8270.0 -0.00030267200000000003
8275.0 0.00058634
8280.0 -0.000226265
8285.0 0.000132446
8290.0 -0.000121183
8295.0 0.000602104
8300.0 0.00012441200000000001
8305.0 -2.85e-06
8310.0 0.00048011699999999996
8315.0 0.00025749400000000004
8320.0 -3.8900000000000004e-05
8325.0 0.000423233
8330.0 0.000101167
8335.0 0.00022019599999999998
8340.0 -1.9e-05
8345.0 -0.000117576
8350.0 -0.000174698
8355.0 0.000451025
8360.0 -0.000343272
8365.0 9.58e-05
8370.0 8.27e-05
8375.0 0.00016935
8380.0 0.000427025
8385.0 9.19e-05
8390.0 2.18e-05
8395.0 0.000124523
8400.0 -0.00030321
8405.0 -2.84e-05
8410.0 -1.58e-05
8415.0 0.000419285
8420.0 0.000217727
8425.0 0.000462393
8430.0 -3.5e-05
8435.0 0.000125924
8440.0 8.73e-05
8445.0 0.000564775
8450.0 -0.000541291
8455.0 0.00017243
8460.0 0.000456489
8465.0 -4.8599999999999995e-05
8470.0 0.00020272400000000002
8475.0 0.000414089
8480.0 0.0007009960000000001
8485.0 0.00035964300000000004
8490.0 0.000721324
8495.0 0.000288234
8500.0 -2.8499999999999998e-05
8505.0 0.00025110000000000003
8510.0 0.000247353
8515.0 -0.000153755
8520.0 -0.000196254
8525.0 -0.000266588
8530.0 -0.00020878900000000002
8535.0 0.000207853
8540.0 0.000105166
8545.0 9.97e-05
8550.0 1.29e-05
8555.0 -0.000178189
8560.0 0.000287169
8565.0 0.000134905
8570.0 -0.000229489
8575.0 0.0006031119999999999
8580.0 6.54e-05
8585.0 -2.72e-06
8590.0 0.000338806
8595.0 -0.000152251
8600.0 -0.00019616400000000003
8605.0 0.000107151
8610.0 0.00016126
8615.0 5.79e-05
8620.0 3.72e-05
8625.0 0.000118105
8630.0 0.000215193
8635.0 0.000558893
8640.0 0.00018029
8645.0 -9.83e-05
8650.0 -5.8399999999999997e-05
8655.0 1.44e-06
8660.0 0.000219316
8665.0 6.2e-05
8670.0 0.00035455400000000003
8675.0 -0.000282282
8680.0 0.0009468460000000001
8685.0 0.000144508
8690.0 0.000378175
8695.0 0.00017931700000000002
8700.0 -2.55e-05
8705.0 0.000502775
8710.0 0.00037013800000000005
8715.0 0.000498875
8720.0 0.00080142
8725.0 0.001844438
8730.0 0.0017259139999999998
8735.0 0.0015178070000000001
8740.0 0.0018776860000000002
8745.0 0.0013001269999999999
8750.0 0.0016114929999999999
8755.0 0.0007839069999999999
8760.0 0.000695474
8765.0 0.000581787
8770.0 5.5e-05
8775.0 0.00045513199999999996
8780.0 0.000935214
8785.0 0.000615265
8790.0 0.000686185
8795.0 0.000565146
8800.0 0.000735816
8805.0 0.001001422
8810.0 0.001027666
8815.0 0.00184652
8820.0 0.002089787
8825.0 0.002098099
8830.0 0.002087895
8835.0 0.00261692
8840.0 0.001831573
8845.0 0.001420166
8850.0 0.0013236370000000001
8855.0 0.001289825
8860.0 0.000901584
8865.0 0.001188468
8870.0 0.000973978
8875.0 0.0005516280000000001
8880.0 9.640000000000001e-05
8885.0 0.000704993
8890.0 0.0003159
8895.0 8.26e-05
8900.0 0.000113881
8905.0 5.5100000000000004e-05
8910.0 -3.17e-06
8915.0 7.54e-05
8920.0 -0.00013957
8925.0 -0.000511576
8930.0 0.000230483
8935.0 9.13e-05
8940.0 4.55e-06
8945.0 0.000216044
8950.0 -0.00029041900000000004
8955.0 -1.18e-05
8960.0 0.00037284300000000004
8965.0 7.64e-05
8970.0 0.00036199400000000003
8975.0 -6.11e-05
8980.0 -0.000125962
8985.0 0.00020261099999999997
8990.0 0.000236646
8995.0 7.49e-05
9000.0 6.97e-05
9005.0 0.000387258
9010.0 0.0007902510000000001
9015.0 0.0008611360000000001
9020.0 0.001858176
9025.0 0.001602156
9030.0 0.001529905
9035.0 0.000736517
9040.0 0.000679426
9045.0 0.000229449
9050.0 0.000144699
9055.0 0.00027461200000000003
9060.0 0.000142382
9065.0 0.000313188
9070.0 0.00015667399999999998
9075.0 1.83e-05
9080.0 0.000130841
9085.0 -0.000400234
9090.0 5.19e-05
9095.0 0.00019533700000000002
9100.0 0.000281936
9105.0 -0.000151761
9110.0 0.000172737
9115.0 0.00020256900000000002
9120.0 0.000163325
9125.0 0.000397677
9130.0 -0.000113479
9135.0 0.000601354
9140.0 0.00037459
9145.0 0.0007000839999999999
9150.0 0.000975495
9155.0 0.000693527
9160.0 0.0010133780000000001
9165.0 0.001110215
9170.0 0.0007961960000000001
9175.0 0.000638887
9180.0 0.000585314
9185.0 0.0005859940000000001
9190.0 0.001027214
9195.0 0.0009517000000000001
9200.0 0.000649729
9205.0 0.000802506
9210.0 0.000699263
9215.0 0.0010168080000000001
9220.0 0.000947731
9225.0 0.0006801760000000001
9230.0 0.0010912860000000001
9235.0 0.001248668
9240.0 0.001004634
9245.0 0.0008814119999999999
9250.0 0.0006675030000000001
9255.0 0.0008380639999999999
9260.0 0.0008043
9265.0 0.0007413360000000001
9270.0 0.00013314299999999998
9275.0 0.000419161
9280.0 0.00044500400000000004
9285.0 0.000381596
9290.0 0.000189625
9295.0 0.00016529200000000002
9300.0 0.000444079
9305.0 0.000577036
9310.0 0.000151147
9315.0 -0.000271211
9320.0 0.000155354
9325.0 -0.000285123
9330.0 -0.00017480000000000002
9335.0 -0.00028324400000000004
9340.0 -4.09e-05
9345.0 -0.000109845
9350.0 -1.4400000000000001e-05
9355.0 0.000279337
9360.0 -0.00010705899999999999
9365.0 -0.000401614
9370.0 0.00022697
9375.0 0.000103538
9380.0 0.000334301
9385.0 0.000253815
9390.0 0.000112152
9395.0 0.000118508
9400.0 0.000371199
9405.0 -5.16e-05
9410.0 -0.000194786
9415.0 1.9600000000000002e-05
9420.0 9.71e-05
9425.0 0.000126305
9430.0 -0.000257312
9435.0 8.22e-05
9440.0 0.000134163
9445.0 0.000468295
9450.0 0.000271986
9455.0 9.43e-06
9460.0 -0.00017288900000000002
9465.0 5.5100000000000004e-05
9470.0 2.9600000000000005e-05
9475.0 -0.00030330900000000003
9480.0 0.000166825
9485.0 -7.43e-05
9490.0 0.000147429
9495.0 8.1e-05
9500.0 4.95e-06
9505.0 0.000413406
9510.0 0.000106599
9515.0 -8.47e-05
9520.0 0.000154051
9525.0 6.02e-05
9530.0 0.000160974
9535.0 0.000439834
9540.0 -1.5399999999999998e-05
9545.0 0.000244065
9550.0 0.00010703
9555.0 0.000433374
9560.0 3.3299999999999996e-05
9565.0 -1.06e-07
9570.0 -0.00030237
9575.0 -0.00035260900000000004
9580.0 0.000118597
9585.0 -0.000149631
9590.0 0.00010091600000000001
9595.0 0.00031354
9600.0 0.000534102
9605.0 -3.81e-05
9610.0 0.000573389
9615.0 1.76e-06
9620.0 0.00036218199999999996
9625.0 0.00042467199999999996
9630.0 0.000465896
9635.0 0.00050905
9640.0 0.00019470799999999998
9645.0 -2.7300000000000003e-05
9650.0 0.000740225
9655.0 -0.00034992300000000003
9660.0 0.000437255
9665.0 1.4999999999999999e-05
9670.0 0.000172273
9675.0 0.000640761
9680.0 0.000455701
9685.0 0.000569005
9690.0 1.36e-05
9695.0 4.14e-05
9700.0 0.0007195130000000001
9705.0 0.00033623
9710.0 0.0007044960000000001
9715.0 0.000344554
9720.0 0.000284053
9725.0 6.890000000000001e-05
9730.0 0.000250573
9735.0 0.000394594
9740.0 0.000322432
9745.0 7.6e-05
9750.0 0.000545324
9755.0 0.00044018400000000004
9760.0 0.000327755
9765.0 -2.31e-06
9770.0 1.31e-05
9775.0 7.950000000000001e-05
9780.0 0.00043282199999999997
9785.0 -0.000156516
9790.0 0.0006913210000000001
9795.0 0.00056666
9800.0 -3.6200000000000006e-05
9805.0 2.4e-05
9810.0 0.00045224400000000003
9815.0 0.000299251
9820.0 -1.04e-05
9825.0 -2.02e-05
9830.0 0.00033460099999999996
9835.0 0.000296729
9840.0 -8.28e-05
9845.0 0.000435648
9850.0 0.000355038
9855.0 5.870000000000001e-05
9860.0 0.00011451299999999999
9865.0 -0.00016039600000000001
9870.0 0.000444236
9875.0 -0.000117101
9880.0 0.00044457800000000005
9885.0 0.00018872599999999998
9890.0 0.000275517
9895.0 9.75e-05
9900.0 0.00011863
9905.0 -0.000146794
9910.0 0.000203535
9915.0 0.000318449
9920.0 0.000350147
9925.0 0.00028299
9930.0 0.00038709199999999996
9935.0 0.00026838700000000003
9940.0 0.00042730199999999996
9945.0 -0.00017618900000000002
9950.0 0.000247141
9955.0 -0.000219897
9960.0 0.00018061599999999998
9965.0 6.7e-05
9970.0 0.000433012
9975.0 0.000214372
9980.0 0.000428021
9985.0 0.000472035
9990.0 0.00038858
9995.0 0.000605804
10000.0 9.1e-05
10005.0 0.00069063
10010.0 0.0005219490000000001
10015.0 0.000845607
10020.0 0.00061164
10025.0 0.001118748
10030.0 0.0012299910000000002
10035.0 0.0008495210000000001
10040.0 0.00113554
10045.0 0.000718166
10050.0 0.0012617589999999999
10055.0 0.001304466
10060.0 0.001194483
10065.0 0.0008712269999999999
10070.0 0.000878183
10075.0 0.001041392
10080.0 0.001041577
10085.0 0.0012079789999999999
10090.0 0.000756685
10095.0 0.001589466
10100.0 0.00154393
10105.0 0.0013934779999999999
10110.0 0.001285174
10115.0 0.002141939
10120.0 0.002019887
10125.0 0.002570218
10130.0 0.003233512
10135.0 0.003932196
10140.0 0.004589800000000001
10145.0 0.004183219
10150.0 0.004356585
10155.0 0.003127356
10160.0 0.002666155
10165.0 0.001997181
10170.0 0.0008247780000000001
10175.0 0.001291671
10180.0 0.000154051
10185.0 0.000517884
10190.0 8.55e-05
10195.0 0.000524446
10200.0 9.98e-05
10205.0 0.000613322
10210.0 0.000295722
10215.0 -0.000245025
10220.0 0.00042854
10225.0 0.00020693599999999999
10230.0 -5.5e-05
10235.0 -0.00010070000000000001
10240.0 0.000839916
10245.0 0.00045153
10250.0 0.000265835
10255.0 0.000606222
10260.0 -0.000108406
10265.0 -8.98e-05
10270.0 0.000344525
10275.0 2.58e-05
10280.0 0.000528688
10285.0 0.0005442019999999999
10290.0 0.00021479099999999998
10295.0 -3.8e-05
10300.0 0.00010589
10305.0 0.00033192
10310.0 0.000108386
10315.0 0.00031662
10320.0 0.000727714
10325.0 0.0005971780000000001
10330.0 0.0007434960000000001
10335.0 0.0014043229999999999
10340.0 0.001303812
10345.0 0.001021955
10350.0 0.000695141
10355.0 0.00065778
10360.0 0.001112741
10365.0 0.001050678
10370.0 0.00046191699999999995
10375.0 0.000603635
10380.0 0.000136315
10385.0 0.000795995
10390.0 0.000556563
10395.0 0.000506478
10400.0 0.000314652
10405.0 0.000258977
10410.0 7.13e-06
10415.0 -5.18e-05
10420.0 0.000365311
10425.0 0.000381941
10430.0 0.0005288609999999999
10435.0 0.000550769
10440.0 -0.000224397
10445.0 0.000418941
10450.0 0.000136763
10455.0 0.0005992969999999999
10460.0 0.000189165
10465.0 0.000358735
10470.0 0.000633751
10475.0 -0.000110841
10480.0 -5.7100000000000006e-05
10485.0 0.000344674
10490.0 0.000198276
10495.0 0.000547217
10500.0 0.000276316
10505.0 0.000715697
10510.0 0.00042293699999999997
10515.0 0.000366075
10520.0 0.001212117
10525.0 0.001103865
10530.0 0.0014706860000000001
10535.0 0.0020582770000000003
10540.0 0.001799883
10545.0 0.0019321639999999999
10550.0 0.00207413
10555.0 0.002765245
10560.0 0.002191681
10565.0 0.0027263009999999996
10570.0 0.002296891
10575.0 0.002657155
10580.0 0.001980927
10585.0 0.002469608
10590.0 0.00213186
10595.0 0.002448412
10600.0 0.001377735
10605.0 0.002130479
10610.0 0.001395728
10615.0 0.00173049
10620.0 0.001536141
10625.0 0.00152922
10630.0 0.0010205939999999999
10635.0 0.0017677220000000002
10640.0 0.0015093020000000001
10645.0 0.001673679
10650.0 0.001241116
10655.0 0.001307689
10660.0 0.0011953489999999998
10665.0 0.00193041
10670.0 0.001334221
10675.0 0.001707059
10680.0 0.002245684
10685.0 0.0018302610000000001
10690.0 0.001982401
10695.0 0.001906248
10700.0 0.0013148320000000002
10705.0 0.001199715
10710.0 0.00182882
10715.0 0.00100778
10720.0 0.001446031
10725.0 0.0013166920000000002
10730.0 0.000522138
10735.0 0.001156985
10740.0 0.000486859
10745.0 0.000762746
10750.0 0.000267187
10755.0 0.00010672399999999999
10760.0 0.000326739
10765.0 0.0007941889999999999
10770.0 0.00021732400000000002
10775.0 0.000652204
10780.0 0.00059847
10785.0 0.00021955099999999999
10790.0 0.00051193
10795.0 0.000157064
10800.0 0.00047487
10805.0 -0.00029460799999999997
10810.0 7.09e-05
10815.0 0.00035910099999999996
10820.0 0.0001582
10825.0 0.000685847
10830.0 0.000281293
10835.0 0.00041089
10840.0 0.000560657
10845.0 0.00023658099999999998
10850.0 -6e-06
10855.0 0.00045453599999999996
10860.0 0.000263175
10865.0 0.000392052
10870.0 6.890000000000001e-05
10875.0 -9.58e-05
10880.0 0.000312435
10885.0 -0.000359485
10890.0 0.000546687
10895.0 0.000132793
10900.0 0.000205409
10905.0 0.000235783
10910.0 0.000466791
10915.0 0.00033408099999999996
10920.0 0.000478264
10925.0 0.00039798599999999997
10930.0 0.000340765
10935.0 -4.35e-05
10940.0 0.000213036
10945.0 0.000259445
10950.0 -0.000382475
10955.0 0.00014609999999999997
10960.0 6.02e-05
10965.0 0.000211919
10970.0 0.000227963
10975.0 0.00011627399999999999
10980.0 0.000165793
10985.0 -0.000365382
10990.0 0.000210644
10995.0 4.03e-05
11000.0 0.00027921
11005.0 0.00033570599999999996
11010.0 0.00021507900000000002
11015.0 7.23e-05
11020.0 0.000653312
11025.0 0.000322556
11030.0 8.53e-05
11035.0 0.000646192
11040.0 0.00036382699999999994
11045.0 9.2e-05
11050.0 0.00041189
11055.0 0.001170968
11060.0 0.00047588400000000004
11065.0 0.000644675
11070.0 0.000495522
11075.0 0.00028733299999999997
11080.0 8e-05
11085.0 0.00044389300000000005
11090.0 0.000302428
11095.0 0.000284642
11100.0 0.000452812
11105.0 0.00029021
11110.0 0.000541434
11115.0 0.000417881
11120.0 -0.000152847
11125.0 0.00046946900000000003
11130.0 0.000299336
11135.0 -6.74e-05
11140.0 0.000299978
11145.0 0.000315506
11150.0 0.000353736
11155.0 0.000390472
11160.0 -9.25e-06
11165.0 0.000165401
11170.0 2.48e-05
11175.0 -0.00012125
11180.0 0.000610393
11185.0 0.000181947
11190.0 0.000512389
11195.0 0.000994389
11200.0 0.000349368
11205.0 0.000341373
11210.0 0.000677141
11215.0 0.000796661
11220.0 0.0008394930000000001
11225.0 0.001500204
11230.0 0.0018498170000000001
11235.0 0.0028855879999999997
11240.0 0.003649636
11245.0 0.005887656999999999
11250.0 0.007017645
11255.0 0.007765472
11260.0 0.006099912
11265.0 0.005049967
11270.0 0.003982688
11275.0 0.003002395
11280.0 0.002181611
11285.0 0.00182239
11290.0 0.001684438
11295.0 0.001228369
11300.0 0.00170951
11305.0 0.000747888
11310.0 0.000715166
11315.0 0.000942804
11320.0 0.001461442
11325.0 0.001133237
11330.0 0.001362937
11335.0 0.00090772
11340.0 0.00096232
11345.0 0.001374175
11350.0 0.000948933
11355.0 0.0013903239999999999
11360.0 0.00125697
11365.0 0.00141695
11370.0 0.001024968
11375.0 0.0013224839999999999
11380.0 0.000897643
11385.0 0.000842055
11390.0 0.0005409680000000001
11395.0 0.000530375
11400.0 0.000957292
11405.0 0.000546803
11410.0 0.000175899
11415.0 0.000699467
11420.0 0.000303197
11425.0 0.000213282
11430.0 7.23e-05
11435.0 0.000391726
11440.0 5.0600000000000003e-05
11445.0 0.000874982
11450.0 4.46e-05
11455.0 -0.000262741
11460.0 0.00014504899999999999
11465.0 0.000451521
11470.0 0.000556187
11475.0 0.000561848
11480.0 0.000286632
11485.0 4.49e-05
11490.0 0.000368016
11495.0 6.4e-05
11500.0 0.000184581
11505.0 0.0005288059999999999
11510.0 0.000780027
11515.0 0.000281404
11520.0 0.00037318199999999995
11525.0 5.91e-05
11530.0 0.000635457
11535.0 8.7e-05
11540.0 0.000303883
11545.0 0.000242781
11550.0 0.000825938
11555.0 0.000413587
11560.0 0.0007659189999999999
11565.0 0.0006658460000000001
11570.0 0.000313758
11575.0 0.0007387810000000001
11580.0 0.000895784
11585.0 0.0013330520000000002
11590.0 0.001241291
11595.0 0.00198683
11600.0 0.001703442
11605.0 0.0024895029999999997
11610.0 0.003357637
11615.0 0.005063216
11620.0 0.006301431999999999
11625.0 0.009850153
11630.0 0.014259997
11635.0 0.023321606
11640.0 0.039906871000000003
11645.0 0.068381712
11650.0 0.10511107
11655.0 0.133445084
11660.0 0.12803144800000002
11665.0 0.10253574
11670.0 0.077013582
11675.0 0.059980452000000004
11680.0 0.04803744
11685.0 0.039996669
11690.0 0.033679541
11695.0 0.028796494
11700.0 0.024015551
11705.0 0.019693566000000003
11710.0 0.016036052
11715.0 0.013602613000000001
11720.0 0.010807903
11725.0 0.00893528
11730.0 0.006783033000000001
11735.0 0.005502548
11740.0 0.00468455
11745.0 0.003656794
11750.0 0.003220309
11755.0 0.0028561309999999996
11760.0 0.0028557070000000003
11765.0 0.002325211
11770.0 0.0018385279999999999
11775.0 0.001281464
11780.0 0.00125002
11785.0 0.001471876
11790.0 0.001253667
11795.0 0.0008510960000000001
11800.0 0.00081444
11805.0 0.000662359
11810.0 0.001470255
11815.0 0.000830637
11820.0 0.0009137310000000001
11825.0 0.000965539
11830.0 0.000931717
11835.0 0.0009755660000000001
11840.0 0.000620409
11845.0 0.001086872
11850.0 0.0008040539999999999
11855.0 0.001251763
11860.0 0.001039378
11865.0 0.0008866360000000001
11870.0 0.001601445
11875.0 0.001224237
11880.0 0.001673274
11885.0 0.00149453
11890.0 0.001584516
11895.0 0.001281243
11900.0 0.0019008820000000002
11905.0 0.001669224
11910.0 0.002025189
11915.0 0.002745019
11920.0 0.003036799
11925.0 0.003431661
11930.0 0.004307753
11935.0 0.004471693
11940.0 0.005701358
11945.0 0.006628696
11950.0 0.007816326
11955.0 0.008455642
11960.0 0.009625064000000001
11965.0 0.009634092
11970.0 0.009322759
11975.0 0.00848794
11980.0 0.007852851
11985.0 0.007117416999999999
11990.0 0.006244984
11995.0 0.005616662
12000.0 0.005436114000000001
12005.0 0.0047559640000000005
12010.0 0.0047371029999999995
12015.0 0.003919414
12020.0 0.003514432
12025.0 0.0038063240000000003
12030.0 0.003457584
12035.0 0.003426437
12040.0 0.003267672
12045.0 0.0034029940000000003
12050.0 0.003190085
12055.0 0.003387642
12060.0 0.003551848
12065.0 0.0034495420000000003
12070.0 0.00339781
12075.0 0.003986774
12080.0 0.003859702
12085.0 0.004093238
12090.0 0.004694271
12095.0 0.005275782
12100.0 0.005724007
