1900.0 0.022065492000000003
1905.0 -0.040836297
1910.0 0.047472138
1915.0 0.000449295
1920.0 -0.00012955899999999998
1925.0 0.000944455
1930.0 -2.9199999999999998e-05
1935.0 0.000445177
1940.0 0.000418339
1945.0 -0.000379137
1950.0 -0.000126717
1955.0 -0.000122786
1960.0 -5.2900000000000005e-05
1965.0 0.0005172309999999999
1970.0 -9.300000000000001e-05
1975.0 0.000145076
1980.0 0.000403556
1985.0 -1.51e-05
1990.0 0.000403849
1995.0 0.000187715
2000.0 -0.000165843
2005.0 0.00012188100000000001
2010.0 -5.07e-05
2015.0 -0.000112791
2020.0 -7.120000000000001e-05
2025.0 -0.000135162
2030.0 0.000122897
2035.0 -0.00010444399999999999
2040.0 0.000124203
2045.0 9.96e-05
2050.0 -1.1599999999999999e-05
2055.0 -2.7699999999999996e-05
2060.0 0.00017835
2065.0 0.000116876
2070.0 -2.95e-06
2075.0 7.8e-05
2080.0 1.67e-05
2085.0 4.28e-05
2090.0 5.5299999999999996e-05
2095.0 0.000129975
2100.0 1.47e-05
2105.0 8.36e-05
2110.0 7.49e-05
2115.0 0.00023265599999999998
2120.0 -0.000133838
2125.0 -3.48e-05
2130.0 8.909999999999998e-05
2135.0 -0.00010890200000000001
2140.0 -0.00010783
2145.0 9.41e-05
2150.0 0.000115339
2155.0 9.48e-05
2160.0 2.8199999999999998e-05
2165.0 -3.8299999999999996e-05
2170.0 -6.37e-05
2175.0 -3.41e-05
2180.0 7.59e-05
2185.0 -4.94e-05
2190.0 2.3199999999999998e-05
2195.0 -8.09e-05
2200.0 8.71e-05
2205.0 6.37e-05
2210.0 2.12e-05
2215.0 8.290000000000001e-05
2220.0 -1.0199999999999999e-05
2225.0 7.88e-06
2230.0 9.379999999999999e-05
2235.0 5.11e-05
2240.0 6.35e-05
2245.0 -1.14e-06
2250.0 1.9600000000000002e-05
2255.0 5.6999999999999996e-05
2260.0 1.91e-05
2265.0 9.340000000000001e-05
2270.0 2.2e-05
2275.0 -2.5e-06
2280.0 6.36e-05
2285.0 -2.26e-05
2290.0 4.54e-05
2295.0 -0.000101081
2300.0 5.04e-05
2305.0 4.07e-05
2310.0 1.69e-06
2315.0 4.28e-05
2320.0 6.29e-05
2325.0 -1.5399999999999998e-05
2330.0 5.91e-05
2335.0 -7.099999999999999e-05
2340.0 8.41e-06
2345.0 -7.879999999999999e-05
2350.0 4.6500000000000005e-05
2355.0 0.00010714600000000001
2360.0 1.63e-05
2365.0 -2.15e-05
2370.0 -3.98e-05
2375.0 3.82e-05
2380.0 8.88e-06
2385.0 -3.5499999999999996e-05
2390.0 -4.7799999999999996e-05
2395.0 -1.49e-06
2400.0 9.690000000000001e-05
2405.0 -2.3199999999999998e-05
2410.0 0.00012014700000000001
2415.0 3.53e-05
2420.0 3.45e-05
2425.0 5.39e-05
2430.0 3.2200000000000003e-05
2435.0 -0.00010109200000000001
2440.0 -6.15e-05
2445.0 -6.49e-06
2450.0 3.71e-05
2455.0 5.11e-05
2460.0 0.000223889
2465.0 6.23e-05
2470.0 -4.429999999999999e-05
2475.0 9.16e-06
2480.0 -2.71e-05
2485.0 -9.92e-05
2490.0 2.45e-05
2495.0 0.00010048299999999999
2500.0 -1.29e-05
2505.0 3.5799999999999996e-05
2510.0 6.159999999999999e-05
2515.0 4.54e-05
2520.0 5.39e-05
2525.0 3.8299999999999996e-05
2530.0 1.87e-05
2535.0 -1.49e-05
2540.0 -5.03e-05
2545.0 4.3200000000000007e-05
2550.0 -0.000145577
2555.0 5.629999999999999e-05
2560.0 -7.099999999999999e-05
2565.0 0.000116392
2570.0 0.000141237
2575.0 6.879999999999999e-05
2580.0 -1.8100000000000003e-05
2585.0 3.72e-05
2590.0 -6.500000000000001e-05
2595.0 2.85e-06
2600.0 5.05e-05
2605.0 3.46e-05
2610.0 4.91e-05
2615.0 4.7e-05
2620.0 4.72e-05
2625.0 -2.8300000000000003e-05
2630.0 -4.5600000000000004e-05
2635.0 9.609999999999999e-05
2640.0 -0.00011902
2645.0 1.39e-05
2650.0 5.05e-05
2655.0 9.43e-06
2660.0 5.7999999999999995e-06
2665.0 0.000126308
2670.0 5.720000000000001e-05
2675.0 0.000141921
2680.0 3.66e-05
2685.0 -4.14e-05
2690.0 7.32e-05
2695.0 1.4499999999999998e-05
2700.0 -5.11e-05
2705.0 -3.45e-06
2710.0 -3.4399999999999996e-05
2715.0 -2.25e-05
2720.0 0.000148756
2725.0 1.17e-05
2730.0 -3.02e-05
2735.0 2.18e-05
2740.0 0.000225254
2745.0 0.000107837
2750.0 -0.000208665
2755.0 3.6700000000000004e-05
2760.0 -3.46e-05
2765.0 -0.000155896
2770.0 6.459999999999999e-07
2775.0 7.06e-05
2780.0 -0.000110564
2785.0 4.14e-05
2790.0 2.18e-05
2795.0 2.08e-05
2800.0 -3.2e-05
2805.0 -0.00011435799999999999
2810.0 -9.88e-05
2815.0 -3.45e-05
2820.0 5.73e-05
2825.0 -0.000122511
2830.0 -2.0300000000000002e-05
2835.0 3.4200000000000005e-05
2840.0 -5.8200000000000005e-05
2845.0 0.000108185
2850.0 -0.000110459
2855.0 7.08e-05
2860.0 -3.69e-07
2865.0 -2.8100000000000002e-05
2870.0 -1.01e-05
2875.0 -4.77e-05
2880.0 0.00012695799999999999
2885.0 0.00015596299999999998
2890.0 -5.36e-05
2895.0 0.00017060599999999999
2900.0 4.03e-05
2905.0 -0.00017784700000000002
2910.0 4.8e-05
2915.0 -0.00010382100000000001
2920.0 6.409999999999999e-05
2925.0 -6.720000000000001e-05
2930.0 0.000114929
2935.0 0.000111184
2940.0 0.000139137
2945.0 -9.96e-05
2950.0 0.00017607700000000002
2955.0 -0.000138777
2960.0 1.3500000000000001e-05
2965.0 0.000107214
2970.0 -2.75e-05
2975.0 0.000117712
2980.0 0.000185845
2985.0 0.00030363
2990.0 -0.000103314
2995.0 7.809999999999999e-05
3000.0 6.900000000000001e-06
3005.0 0.000304784
3010.0 0.000300694
3015.0 -0.00018900599999999997
3020.0 -6.98e-06
3025.0 -1.2e-05
3030.0 -3.87e-05
3035.0 -0.000115297
3040.0 9.82e-05
3045.0 -0.000100291
3050.0 0.000196925
3055.0 5.8099999999999996e-05
3060.0 0.000518569
3065.0 -0.000151711
3070.0 0.000279217
3075.0 -0.000141171
3080.0 5.36e-05
3085.0 -0.000118899
3090.0 0.000356321
3095.0 -9.22e-05
3100.0 -0.000443986
3105.0 -0.00022381
3110.0 -0.000149237
3115.0 0.00016386799999999998
3120.0 -2.17e-06
3125.0 -0.000138053
3130.0 8.759999999999999e-05
3135.0 0.000155514
3140.0 6.720000000000001e-05
3145.0 9.71e-05
3150.0 -0.000102831
3155.0 5.73e-05
3160.0 0.000164062
3165.0 0.00039237800000000003
3170.0 5.720000000000001e-05
3175.0 -0.00029038400000000003
3180.0 0.0003485
3185.0 -0.00028670299999999997
3190.0 -4.46e-05
3195.0 0.000264166
3200.0 2.15e-05
3205.0 0.000341499
3210.0 8.7e-05
3215.0 -0.00011732299999999999
3220.0 -7.97e-05
3225.0 0.00035450699999999994
3230.0 -2.54e-05
3235.0 0.00021742
3240.0 -7.64e-05
3245.0 -6.57e-05
3250.0 -0.000465249
3255.0 0.00031528
3260.0 0.000169642
3265.0 0.000414795
3270.0 -1.36e-06
3275.0 -0.000102364
3280.0 0.000487711
3285.0 0.000268636
3290.0 -0.00034004699999999995
3295.0 0.000288297
3300.0 0.000613478
3305.0 0.001049166
3310.0 0.000534748
3315.0 0.00015850399999999999
3320.0 0.000788665
3325.0 0.0014184629999999998
3330.0 0.0006058330000000001
3335.0 0.0008965080000000001
3340.0 0.001094048
3345.0 0.0013763339999999999
3350.0 1.53e-05
3355.0 0.00014804100000000001
3360.0 0.000325067
3365.0 -0.000120954
3370.0 0.0012433639999999998
3375.0 0.003328428
3380.0 0.005753614000000001
3385.0 0.0028981090000000003
3390.0 0.002250138
3395.0 0.007115294
3400.0 0.01077603
3405.0 0.010153177
3410.0 0.031442847
3415.0 0.055910468
3420.0 0.037158959
3425.0 0.009040918
3430.0 0.029443899
3435.0 0.204100743
3440.0 0.35707682399999996
3445.0 0.21967411
3450.0 0.059123185
3455.0 0.133749053
3460.0 0.6079439520000001
3465.0 1.292667508
3470.0 2.320175171
3475.0 9.058547974
3480.0 25.9912529
3485.0 47.31954193
3490.0 62.88182831
3495.0 71.99929047
3500.0 79.49790955
3505.0 87.23162842
3510.0 93.11162567
3515.0 95.6595993
3520.0 95.74610901
3525.0 95.2973938
3530.0 95.30337524
3535.0 95.94689941
3540.0 96.14463806
3545.0 95.64387512
3550.0 95.47000885
3555.0 95.57082367
3560.0 96.17748259999999
3565.0 96.59392548
3570.0 96.91599274
3575.0 97.1001358
3580.0 97.16746521
3585.0 97.24206543
3590.0 97.33267212
3595.0 97.26136017
3600.0 97.05519104
3605.0 96.69591522
3610.0 96.66616058
3615.0 96.85964203
3620.0 97.00181579999999
3625.0 97.34878540000001
3630.0 97.43234253
3635.0 97.27292633
3640.0 97.21294403
3645.0 97.30242157
3650.0 97.44451904
3655.0 97.48408508
3660.0 97.47146606
3665.0 97.50201416
3670.0 97.59228516
3675.0 97.72355652
3680.0 97.5509491
3685.0 97.67702484
3690.0 97.56216431
3695.0 97.43796539
3700.0 97.396698
3705.0 97.51335144
3710.0 97.2999115
3715.0 97.30194855
3720.0 97.27802277
3725.0 97.12650299
3730.0 97.17926788
3735.0 97.00030518
3740.0 97.2766037
3745.0 97.58569336
3750.0 97.38327026
3755.0 97.27750397
3760.0 97.35618591
3765.0 97.58890533
3770.0 97.46411133
3775.0 97.29729462
3780.0 97.27406311
3785.0 97.35180664
3790.0 97.1059494
3795.0 97.17615509
3800.0 97.07820129
3805.0 97.21008301
3810.0 97.07688141
3815.0 97.26768494
3820.0 97.50018311
3825.0 97.25245667
3830.0 97.0443573
3835.0 97.21378326
3840.0 97.32997894
3845.0 97.10967255
3850.0 96.73690033
3855.0 96.52076721
3860.0 96.51200104
3865.0 96.59908295
3870.0 96.39517975
3875.0 96.20129395
3880.0 96.26678467
3885.0 96.43447876
3890.0 96.4962616
3895.0 96.2923584
3900.0 96.22103882
3905.0 96.30650329999999
3910.0 96.34725952
3915.0 96.22906494
3920.0 96.25125885
3925.0 96.24131012
3930.0 96.48899078
3935.0 96.49060059
3940.0 96.55510712
3945.0 96.5390625
3950.0 96.58204651
3955.0 96.61270905
3960.0 96.73007965
3965.0 96.6717453
3970.0 96.70948029
3975.0 96.73208618
3980.0 96.80479431
3985.0 96.58731842
3990.0 96.45774078
3995.0 96.53610992
4000.0 96.5750885
4005.0 96.43223572
4010.0 96.53208923
4015.0 96.69597626
4020.0 96.82818604
4025.0 96.79551697
4030.0 96.70132446
4035.0 96.10578918
4040.0 95.30284119
4045.0 95.08237457
4050.0 94.88681793
4055.0 94.2482605
4060.0 93.24800873
4065.0 91.39272308
4070.0 84.31523895
4075.0 65.75337982
4080.0 37.04807281
4085.0 10.01197433
4090.0 4.255992413
4095.0 1.118570447
4100.0 0.252920181
4105.0 0.040927734
4110.0 0.006612604
4115.0 0.001404689
4120.0 0.00035850300000000003
4125.0 0.00017822400000000002
4130.0 -1.39e-05
4135.0 -2.1600000000000003e-05
4140.0 -1.21e-05
4145.0 -4.270000000000001e-05
4150.0 2.3800000000000003e-05
4155.0 3.04e-05
4160.0 4.7600000000000005e-05
4165.0 1.1900000000000001e-05
4170.0 3.1e-05
4175.0 -1.8100000000000003e-05
4180.0 -8.15e-06
4185.0 -1.04e-05
4190.0 -8.079999999999999e-07
4195.0 4.9e-05
4200.0 5.4600000000000006e-05
4205.0 6.620000000000001e-05
4210.0 7.23e-05
4215.0 3.04e-05
4220.0 5.8099999999999996e-05
4225.0 0.0001797
4230.0 0.000304586
4235.0 0.00038413300000000004
4240.0 0.000250756
4245.0 0.000190857
4250.0 0.00020664700000000002
4255.0 0.000367097
4260.0 0.000476132
4265.0 0.0004980469999999999
4270.0 0.000340429
4275.0 0.000235575
4280.0 0.00016423799999999998
4285.0 0.000235685
4290.0 0.000298204
4295.0 0.000271654
4300.0 0.000194461
4305.0 0.000232135
4310.0 0.00028027099999999996
4315.0 0.00036542
4320.0 0.000404081
4325.0 0.00024891400000000004
4330.0 0.000118146
4335.0 6.55e-05
4340.0 6.56e-05
4345.0 7.509999999999998e-05
4350.0 9e-05
4355.0 5.03e-05
4360.0 6.36e-05
4365.0 1.9699999999999998e-05
4370.0 1.75e-05
4375.0 2.58e-05
4380.0 1.09e-05
4385.0 -2.59e-06
4390.0 6.47e-06
4395.0 8.55e-06
4400.0 2.02e-05
4405.0 0.000104125
4410.0 0.00046777300000000005
4415.0 0.001013688
4420.0 0.00144686
4425.0 0.0015256279999999998
4430.0 0.001160011
4435.0 0.0006291140000000001
4440.0 0.000253598
4445.0 0.00015728700000000001
4450.0 0.00013442899999999998
4455.0 0.000156845
4460.0 0.00024385799999999998
4465.0 0.000424525
4470.0 0.000509847
4475.0 0.00047620199999999995
4480.0 0.000336088
4485.0 0.00015759200000000002
4490.0 7.099999999999999e-05
4495.0 4.47e-05
4500.0 5.41e-05
4505.0 4.6299999999999994e-05
4510.0 6.26e-05
4515.0 5.739999999999999e-05
4520.0 5.11e-05
4525.0 1.56e-05
4530.0 9.46e-06
4535.0 1.0800000000000002e-05
4540.0 2.61e-05
4545.0 -1.74e-05
4550.0 3.2200000000000003e-05
4555.0 2.45e-05
4560.0 4.48e-06
4565.0 2.71e-05
4570.0 4.61e-05
4575.0 3.59e-05
4580.0 2.35e-05
4585.0 3.65e-05
4590.0 1.01e-05
4595.0 3.1e-05
4600.0 8.89e-06
4605.0 2.61e-05
4610.0 1.67e-05
4615.0 2.84e-05
4620.0 1.57e-05
4625.0 1.43e-06
4630.0 4.84e-06
4635.0 -5.43e-06
4640.0 -6.87e-06
4645.0 1.26e-05
4650.0 2.93e-06
4655.0 4.39e-05
4660.0 4.15e-05
4665.0 9.8e-05
4670.0 0.00010816
4675.0 0.00010849
4680.0 7.57e-05
4685.0 3.1e-05
4690.0 2.97e-05
4695.0 4.25e-06
4700.0 1.99e-05
4705.0 2.18e-05
4710.0 2.8600000000000004e-05
4715.0 4.3799999999999994e-05
4720.0 0.00011407399999999999
4725.0 4.46e-05
4730.0 2.8600000000000004e-05
4735.0 2.55e-05
4740.0 -1.99e-05
4745.0 -2.1e-05
4750.0 4.95e-06
4755.0 9.74e-06
4760.0 1.01e-05
4765.0 1.27e-05
4770.0 1.9e-05
4775.0 2.1899999999999997e-05
4780.0 1.9e-05
4785.0 4.3e-05
4790.0 6.459999999999998e-05
4795.0 0.000151045
4800.0 0.000326255
4805.0 0.00037289800000000003
4810.0 0.00020433700000000002
4815.0 0.00010177
4820.0 6.36e-05
4825.0 4.22e-05
4830.0 3.98e-06
4835.0 3.06e-05
4840.0 1.3699999999999998e-05
4845.0 4.13e-05
4850.0 2.18e-05
4855.0 2.1899999999999997e-05
4860.0 4.07e-05
4865.0 3.06e-05
4870.0 2.6899999999999997e-05
4875.0 5.7600000000000004e-05
4880.0 2.6600000000000003e-05
4885.0 4.66e-05
4890.0 8.66e-05
4895.0 0.000151726
4900.0 0.000174268
4905.0 0.00016447
4910.0 0.000157257
4915.0 0.00014094700000000002
4920.0 0.00018198
4925.0 0.00030257200000000003
4930.0 0.000469079
4935.0 0.000645847
4940.0 0.000800119
4945.0 0.000814435
4950.0 0.000734596
4955.0 0.000519451
4960.0 0.000310082
4965.0 0.000168514
4970.0 9e-05
4975.0 4.1899999999999995e-05
4980.0 3.97e-05
4985.0 6.52e-05
4990.0 2.01e-05
4995.0 2.8499999999999998e-05
5000.0 2.8999999999999997e-05
5005.0 9.37e-05
5010.0 7.36e-05
5015.0 0.000114562
5020.0 0.000135324
5025.0 6.59e-05
5030.0 4.01e-05
5035.0 3.27e-05
5040.0 1.02e-06
5045.0 -1.09e-05
5050.0 1.4300000000000002e-05
5055.0 -1.74e-05
5060.0 2.84e-05
5065.0 7.83e-06
5070.0 1.24e-05
5075.0 4.59e-05
5080.0 5.7999999999999994e-05
5085.0 8.159999999999999e-05
5090.0 7.390000000000001e-05
5095.0 0.000523306
5100.0 0.002416212
5105.0 0.003623515
5110.0 0.001949317
5115.0 0.000281431
5120.0 3.7e-05
5125.0 2.7699999999999996e-05
5130.0 6.8e-06
5135.0 1.9e-05
5140.0 -1.5e-06
5145.0 1.13e-05
5150.0 1.01e-05
5155.0 4.16e-05
5160.0 5.79e-05
5165.0 4.99e-05
5170.0 7.64e-05
5175.0 2.12e-05
5180.0 3.6e-05
5185.0 2.9100000000000003e-05
5190.0 1.67e-05
5195.0 3.01e-05
5200.0 2.23e-05
5205.0 4.04e-05
5210.0 1.5399999999999998e-05
5215.0 1.1e-05
5220.0 1.73e-05
5225.0 2.5e-05
5230.0 2.8199999999999998e-05
5235.0 1.4800000000000002e-05
5240.0 3.06e-05
5245.0 2.8499999999999998e-05
5250.0 1.31e-05
5255.0 4.210000000000001e-05
5260.0 0.00010174899999999999
5265.0 0.000227378
5270.0 0.000418501
5275.0 0.000525586
5280.0 0.00044619999999999995
5285.0 0.000313774
5290.0 0.00026343
5295.0 0.000312027
5300.0 0.000348699
5305.0 0.00036262199999999994
5310.0 0.000405386
5315.0 0.00028862
5320.0 0.00019692400000000001
5325.0 0.000143476
5330.0 0.00010521
5335.0 8.49e-05
5340.0 7.38e-05
5345.0 5.8399999999999997e-05
5350.0 4.270000000000001e-05
5355.0 3.61e-06
5360.0 4.7499999999999996e-05
5365.0 1.25e-05
5370.0 2.11e-05
5375.0 1.17e-05
5380.0 7.390000000000001e-05
5385.0 0.00021991
5390.0 0.000678187
5395.0 0.000842871
5400.0 0.000473383
5405.0 0.00010661700000000001
5410.0 3.34e-06
5415.0 2.1899999999999997e-05
5420.0 -1.73e-06
5425.0 2.27e-05
5430.0 3.9e-05
5435.0 1.98e-05
5440.0 1.26e-05
5445.0 1.59e-05
5450.0 2.72e-05
5455.0 -6.53e-06
5460.0 -3.47e-06
5465.0 3.5000000000000004e-06
5470.0 -5.28e-06
5475.0 4.74e-05
5480.0 1.8e-05
5485.0 2.19e-06
5490.0 -1.74e-05
5495.0 -1.6899999999999997e-05
5500.0 -2.34e-06
5505.0 8.77e-06
5510.0 2.4100000000000003e-05
5515.0 2.14e-05
5520.0 2.3800000000000003e-05
5525.0 2.9100000000000003e-05
5530.0 7.85e-06
5535.0 -1.12e-06
5540.0 4.41e-05
5545.0 1.58e-05
5550.0 2.6300000000000002e-05
5555.0 1.57e-05
5560.0 1.64e-05
5565.0 -2.1899999999999997e-05
5570.0 2.55e-05
5575.0 1.9399999999999997e-05
5580.0 5.720000000000001e-05
5585.0 0.00011381
5590.0 0.000404006
5595.0 0.001277978
5600.0 0.00206926
5605.0 0.001360361
5610.0 0.00038505
5615.0 0.00013774299999999999
5620.0 5.6899999999999994e-05
5625.0 3.98e-05
5630.0 1.9600000000000002e-05
5635.0 2.33e-05
5640.0 2.8999999999999997e-05
5645.0 -9.95e-06
5650.0 -4.85e-06
5655.0 2.8600000000000004e-05
5660.0 -2.64e-06
5665.0 3.15e-05
5670.0 4.5899999999999997e-07
5675.0 -1.04e-05
5680.0 2.3800000000000003e-05
5685.0 2.7899999999999997e-05
5690.0 2.7300000000000003e-05
5695.0 2.25e-05
5700.0 -1.83e-05
5705.0 4.34e-06
5710.0 3.65e-05
5715.0 9.61e-06
5720.0 3.26e-05
5725.0 2e-05
5730.0 2e-05
5735.0 1.28e-05
5740.0 2.0300000000000002e-05
5745.0 1.22e-05
5750.0 3.21e-05
5755.0 5.94e-05
5760.0 0.000171179
5765.0 0.000420035
5770.0 0.0006700310000000001
5775.0 0.000620552
5780.0 0.00035726800000000005
5785.0 0.00018764
5790.0 0.00013864700000000002
5795.0 9.68e-05
5800.0 8.290000000000001e-05
5805.0 9.8e-05
5810.0 0.0001252
5815.0 0.000160132
5820.0 0.00024249299999999998
5825.0 0.000394675
5830.0 0.000631613
5835.0 0.0009596689999999999
5840.0 0.00119424
5845.0 0.001158015
5850.0 0.0009659730000000001
5855.0 0.0007586569999999999
5860.0 0.000561442
5865.0 0.00042962400000000003
5870.0 0.000337966
5875.0 0.000250765
5880.0 0.000215976
5885.0 0.00016156
5890.0 0.000144723
5895.0 0.000116401
5900.0 8.98e-05
5905.0 8.55e-05
5910.0 9.19e-05
5915.0 8.68e-05
5920.0 0.000111377
5925.0 0.00015515600000000002
5930.0 0.000165109
5935.0 0.000214642
5940.0 0.00031210200000000003
5945.0 0.00044797
5950.0 0.0007440410000000001
5955.0 0.0011884110000000001
5960.0 0.001709456
5965.0 0.001955447
5970.0 0.0016909779999999999
5975.0 0.001321945
5980.0 0.000944874
5985.0 0.000808758
5990.0 0.0006813489999999999
5995.0 0.000598627
6000.0 0.00055712
6005.0 0.0005356
6010.0 0.000538834
6015.0 0.000550343
6020.0 0.000591937
6025.0 0.000603025
6030.0 0.000607195
6035.0 0.0006313509999999999
6040.0 0.000640364
6045.0 0.0006828110000000001
6050.0 0.000717023
6055.0 0.000756633
6060.0 0.00083352
6065.0 0.0009581619999999999
6070.0 0.001154474
6075.0 0.001452514
6080.0 0.0018573539999999999
6085.0 0.002440289
6090.0 0.0030470140000000002
6095.0 0.003385584
6100.0 0.003157288
6105.0 0.0025043879999999998
6110.0 0.0018344729999999999
6115.0 0.001341084
6120.0 0.0009986110000000002
6125.0 0.00079476
6130.0 0.000675073
6135.0 0.000627515
6140.0 0.000583988
6145.0 0.0005868280000000001
6150.0 0.000628305
6155.0 0.000654836
6160.0 0.000765362
6165.0 0.000888836
6170.0 0.001016929
6175.0 0.001233627
6180.0 0.001298071
6185.0 0.001351674
6190.0 0.001270983
6195.0 0.001127484
6200.0 0.0009859019999999999
6205.0 0.0007859210000000001
6210.0 0.0006731160000000001
6215.0 0.000588291
6220.0 0.00051038
6225.0 0.000478495
6230.0 0.00043103300000000005
6235.0 0.000418026
6240.0 0.000407559
6245.0 0.000373412
6250.0 0.000372739
6255.0 0.000385595
6260.0 0.000394882
6265.0 0.000484969
6270.0 0.000642291
6275.0 0.000825828
6280.0 0.0011166239999999999
6285.0 0.001458192
6290.0 0.0015851860000000001
6295.0 0.0014260929999999998
6300.0 0.001112854
6305.0 0.0007266789999999999
6310.0 0.000509674
6315.0 0.000354164
6320.0 0.00027534
6325.0 0.000244165
6330.0 0.00023557
6335.0 0.000207557
6340.0 0.000208238
6345.0 0.000222684
6350.0 0.00023919900000000003
6355.0 0.000285635
6360.0 0.000382476
6365.0 0.000573926
6370.0 0.000909368
6375.0 0.0013932329999999998
6380.0 0.0016764470000000002
6385.0 0.0015087999999999998
6390.0 0.00100014
6395.0 0.000609695
6400.0 0.000382795
6405.0 0.000257435
6410.0 0.000207997
6415.0 0.000129363
6420.0 0.000128491
6425.0 0.000130415
6430.0 0.0001173
6435.0 0.00011512399999999999
6440.0 0.000118065
6445.0 0.00010094100000000001
6450.0 0.00010039
6455.0 9.570000000000001e-05
6460.0 9.71e-05
6465.0 0.000122099
6470.0 0.00010853
6475.0 0.00010146
6480.0 0.00012906299999999998
6485.0 0.000163135
6490.0 0.000144213
6495.0 0.000158605
6500.0 0.000160884
6505.0 0.00017178
6510.0 0.00021889299999999998
6515.0 0.000257941
6520.0 0.000317655
6525.0 0.00040452800000000003
6530.0 0.000515136
6535.0 0.000542917
6540.0 0.000593174
6545.0 0.000561972
6550.0 0.0004996180000000001
6555.0 0.000423753
6560.0 0.00036618800000000004
6565.0 0.000273801
6570.0 0.000253352
6575.0 0.000230833
6580.0 0.00022275099999999998
6585.0 0.00023804400000000003
6590.0 0.00021845
6595.0 0.000231592
6600.0 0.000219117
6605.0 0.000250997
6610.0 0.000258341
6615.0 0.000308821
6620.0 0.00034298300000000005
6625.0 0.000417281
6630.0 0.000521474
6635.0 0.00061854
6640.0 0.00075472
6645.0 0.0008725380000000001
6650.0 0.000990226
6655.0 0.0010426839999999999
6660.0 0.001016886
6665.0 0.00099297
6670.0 0.000948238
6675.0 0.0008613010000000001
6680.0 0.0007664910000000001
6685.0 0.000721837
6690.0 0.000672783
6695.0 0.0006209519999999999
6700.0 0.000558527
6705.0 0.000539051
6710.0 0.0005379
6715.0 0.000506199
6720.0 0.000516183
6725.0 0.000561624
6730.0 0.000649723
6735.0 0.0007287999999999999
6740.0 0.00085941
6745.0 0.00108256
6750.0 0.001302166
6755.0 0.00155245
6760.0 0.0017283429999999998
6765.0 0.001704536
6770.0 0.001518139
6775.0 0.0012129410000000001
6780.0 0.000980439
6785.0 0.000755233
6790.0 0.000586947
6795.0 0.00047389400000000004
6800.0 0.000469745
6805.0 0.000365269
6810.0 0.000370599
6815.0 0.000333128
6820.0 0.000371293
6825.0 0.00037902300000000003
6830.0 0.000436346
6835.0 0.00046924900000000003
6840.0 0.00056272
6845.0 0.0006814560000000001
6850.0 0.0008422210000000001
6855.0 0.001145805
6860.0 0.001423819
6865.0 0.00173455
6870.0 0.001863899
6875.0 0.001803383
6880.0 0.001594126
6885.0 0.001245607
6890.0 0.001057741
6895.0 0.000918474
6900.0 0.000780894
6905.0 0.000657615
6910.0 0.000624697
6915.0 0.000629903
6920.0 0.0005881
6925.0 0.0006310269999999999
6930.0 0.000569406
6935.0 0.000738643
6940.0 0.000730455
6945.0 0.0007994380000000001
6950.0 0.000868945
6955.0 0.000843608
6960.0 0.0009391289999999999
6965.0 0.000813938
6970.0 0.000912542
6975.0 0.000836105
6980.0 0.000754298
6985.0 0.0007023019999999999
6990.0 0.0006737819999999999
6995.0 0.000636362
7000.0 0.0005905369999999999
7005.0 0.000609405
7010.0 0.000584911
7015.0 0.000585595
7020.0 0.0006183790000000001
7025.0 0.000566258
7030.0 0.000573195
7035.0 0.0006044819999999999
7040.0 0.0005866959999999999
7045.0 0.000663816
7050.0 0.000657968
7055.0 0.0006794189999999999
7060.0 0.0007019410000000001
7065.0 0.000766205
7070.0 0.000814154
7075.0 0.000919444
7080.0 0.000968903
7085.0 0.001099254
7090.0 0.0012884230000000001
7095.0 0.001449577
7100.0 0.001589846
7105.0 0.001832771
7110.0 0.002051571
7115.0 0.002210668
7120.0 0.00220262
7125.0 0.002164083
7130.0 0.001978564
7135.0 0.0017771170000000001
7140.0 0.0015729129999999998
7145.0 0.001398411
7150.0 0.001197128
7155.0 0.001020827
7160.0 0.000947044
7165.0 0.0008341039999999999
7170.0 0.000780112
7175.0 0.000685658
7180.0 0.000650056
7185.0 0.000563208
7190.0 0.000597243
7195.0 0.000549579
7200.0 0.000493287
7205.0 0.000469032
7210.0 0.000504076
7215.0 0.00046705199999999997
7220.0 0.00045269699999999995
7225.0 0.00044175800000000005
7230.0 0.00043871
7235.0 0.00045672800000000005
7240.0 0.000496197
7245.0 0.00042251400000000003
7250.0 0.000514776
7255.0 0.000558538
7260.0 0.000559582
7265.0 0.000619181
7270.0 0.0007673
7275.0 0.000848315
7280.0 0.00107336
7285.0 0.001397999
7290.0 0.0017008879999999998
7295.0 0.002206387
7300.0 0.0026728990000000003
7305.0 0.0030025359999999997
7310.0 0.003025767
7315.0 0.002803848
7320.0 0.002221125
7325.0 0.001784154
7330.0 0.0013789079999999999
7335.0 0.00118711
7340.0 0.000920748
7345.0 0.000730144
7350.0 0.000727369
7355.0 0.000633159
7360.0 0.0005521980000000001
7365.0 0.000528823
7370.0 0.00048573400000000004
7375.0 0.0004911480000000001
7380.0 0.00046892699999999995
7385.0 0.00048456199999999996
7390.0 0.000545445
7395.0 0.00048595199999999994
7400.0 0.000612977
7405.0 0.000532219
7410.0 0.000704133
7415.0 0.000674962
7420.0 0.000709477
7425.0 0.0008356980000000001
7430.0 0.000970445
7435.0 0.001007829
7440.0 0.001085324
7445.0 0.001140868
7450.0 0.0012883789999999999
7455.0 0.001313445
7460.0 0.0013427029999999998
7465.0 0.0014070729999999998
7470.0 0.0013752089999999998
7475.0 0.001308603
7480.0 0.001233743
7485.0 0.0012734839999999999
7490.0 0.001276006
7495.0 0.001156701
7500.0 0.001173167
7505.0 0.001190642
7510.0 0.001098569
7515.0 0.001080537
7520.0 0.001048476
7525.0 0.001070313
7530.0 0.000965688
7535.0 0.00121221
7540.0 0.001064766
7545.0 0.001013547
7550.0 0.001100789
7555.0 0.001101965
7560.0 0.00114897
7565.0 0.000948528
7570.0 0.001087354
7575.0 0.000998322
7580.0 0.000950157
7585.0 0.0009530560000000001
7590.0 0.000995634
7595.0 0.00097712
7600.0 0.001001612
7605.0 0.000755072
7610.0 0.0007959610000000001
7615.0 0.00083372
7620.0 0.0008080139999999999
7625.0 0.0007553289999999999
7630.0 0.000715554
7635.0 0.00073153
7640.0 0.000790612
7645.0 0.0007125969999999999
7650.0 0.00083738
7655.0 0.0009107710000000001
7660.0 0.000912352
7665.0 0.001001372
7670.0 0.000989134
7675.0 0.001245012
7680.0 0.001225718
7685.0 0.0013173120000000002
7690.0 0.0015129929999999998
7695.0 0.001515126
7700.0 0.0015234860000000001
7705.0 0.0014423160000000001
7710.0 0.0014012220000000001
7715.0 0.001243755
7720.0 0.0011701230000000001
7725.0 0.0010417760000000001
7730.0 0.0010550380000000001
7735.0 0.000959762
7740.0 0.000901696
7745.0 0.000791303
7750.0 0.000986407
7755.0 0.0009049910000000001
7760.0 0.000843908
7765.0 0.000840472
7770.0 0.000929424
7775.0 0.000913301
7780.0 0.001051373
7785.0 0.0009331210000000001
7790.0 0.0011436010000000002
7795.0 0.0010472189999999998
7800.0 0.001155248
7805.0 0.001115823
7810.0 0.0009652969999999999
7815.0 0.0011426210000000001
7820.0 0.0009966530000000001
7825.0 0.000822759
7830.0 0.000790353
7835.0 0.000848085
7840.0 0.000587341
7845.0 0.000758828
7850.0 0.000580774
7855.0 0.000383453
7860.0 0.000487442
7865.0 0.0006107209999999999
7870.0 0.000511381
7875.0 0.000430824
7880.0 0.000574754
7885.0 0.000630561
7890.0 0.00044399
7895.0 0.000487069
7900.0 0.000482404
7905.0 0.00033607
7910.0 0.000529953
7915.0 0.000511465
7920.0 0.000426335
7925.0 0.000481645
7930.0 0.000299834
7935.0 0.000269015
7940.0 0.000165782
7945.0 0.000224215
7950.0 0.000189553
7955.0 0.000151073
7960.0 0.000183385
7965.0 0.000122324
7970.0 0.000216775
7975.0 0.00022012599999999999
7980.0 0.00018539200000000002
7985.0 6.96e-05
7990.0 0.00030481
7995.0 -8.02e-05
8000.0 0.000281117
8005.0 -0.00020062700000000002
8010.0 0.000169808
8015.0 0.0006955860000000001
8020.0 0.00047806300000000003
8025.0 -0.000252393
8030.0 0.000266996
8035.0 0.000567395
8040.0 6.73e-05
8045.0 0.000202376
8050.0 0.000504275
8055.0 0.00034728
8060.0 0.000351409
8065.0 0.00062416
8070.0 0.00042675300000000004
8075.0 0.000522022
8080.0 6.13e-05
8085.0 0.000285122
8090.0 0.000161912
8095.0 0.00047487
8100.0 0.00021612900000000002
8105.0 0.000276787
8110.0 -5.3500000000000006e-05
8115.0 0.00016853200000000002
8120.0 0.00048677400000000004
8125.0 0.000435668
8130.0 0.00018655900000000001
8135.0 4.2e-05
8140.0 0.000420649
8145.0 0.00022016
8150.0 0.000288527
8155.0 -3.3600000000000004e-05
8160.0 0.00021344099999999998
8165.0 0.000300183
8170.0 0.0005662530000000001
8175.0 0.000752506
8180.0 4.48e-05
8185.0 0.00044924300000000005
8190.0 0.000832167
8195.0 0.00025545200000000003
8200.0 0.000299117
8205.0 0.00088887
8210.0 0.000685897
8215.0 0.0014777879999999998
8220.0 0.001455353
8225.0 0.0016475270000000002
8230.0 0.001963912
8235.0 0.002460775
8240.0 0.002178386
8245.0 0.002133298
8250.0 0.002436209
8255.0 0.002248462
8260.0 0.001948844
8265.0 0.001867323
8270.0 0.0019482120000000002
8275.0 0.0017816420000000002
8280.0 0.002112485
8285.0 0.001862203
8290.0 0.00195527
8295.0 0.0015861979999999998
8300.0 0.0015237679999999998
8305.0 0.002038684
8310.0 0.0020367479999999997
8315.0 0.002197215
8320.0 0.002177612
8325.0 0.00251329
8330.0 0.0025798320000000002
8335.0 0.0027175190000000003
8340.0 0.0022735
8345.0 0.002580792
8350.0 0.0027194470000000003
8355.0 0.002356379
8360.0 0.002228569
8365.0 0.002494625
8370.0 0.002181879
8375.0 0.001991812
8380.0 0.002019609
8385.0 0.002176614
8390.0 0.0014262570000000002
8395.0 0.0015930739999999999
8400.0 0.0017792079999999998
8405.0 0.002320342
8410.0 0.001291879
8415.0 0.002101565
8420.0 0.001782502
8425.0 0.001347482
8430.0 0.001282631
8435.0 0.001187959
8440.0 0.001848785
8445.0 0.0015276270000000002
8450.0 0.000753706
8455.0 0.000587113
8460.0 0.000979169
8465.0 0.000520099
8470.0 0.000861368
8475.0 0.001126894
8480.0 0.0005097740000000001
8485.0 0.000472986
8490.0 0.000836775
8495.0 0.000135333
8500.0 0.00031172599999999996
8505.0 0.00040907599999999997
8510.0 9.499999999999999e-05
8515.0 0.000899198
8520.0 0.000736478
8525.0 0.000652557
8530.0 0.000328275
8535.0 0.000591578
8540.0 0.000566916
8545.0 0.00044540599999999997
8550.0 8.97e-05
8555.0 0.000798177
8560.0 0.0007014419999999999
8565.0 0.00071014
8570.0 0.000502718
8575.0 0.000461435
8580.0 0.000561314
8585.0 0.000720053
8590.0 0.000748069
8595.0 0.001111901
8600.0 0.00043565300000000004
8605.0 0.000177983
8610.0 0.000680194
8615.0 0.000795433
8620.0 0.00012035299999999999
8625.0 0.000532656
8630.0 0.000186938
8635.0 0.000144149
8640.0 -0.000202356
8645.0 2.8000000000000003e-05
8650.0 2.57e-05
8655.0 0.00029875
8660.0 1.17e-05
8665.0 0.000184784
8670.0 -6.29e-06
8675.0 -0.000272326
8680.0 0.000129092
8685.0 0.00023884400000000002
8690.0 0.00012778
8695.0 0.00033538
8700.0 -7.15e-05
8705.0 7.759999999999999e-05
8710.0 0.00053769
8715.0 0.000131455
8720.0 -0.000104336
8725.0 -4.3799999999999994e-05
8730.0 -9.059999999999999e-05
8735.0 3.86e-05
8740.0 7.730000000000001e-05
8745.0 7.59e-05
8750.0 3.570000000000001e-05
8755.0 0.000178134
8760.0 -0.000169917
8765.0 0.00015882
8770.0 0.000361961
8775.0 0.000191849
8780.0 0.00045345199999999997
8785.0 -0.000350896
8790.0 0.000214881
8795.0 0.00035366900000000003
8800.0 -0.000290401
8805.0 0.00022766
8810.0 -9.53e-05
8815.0 0.0007678769999999999
8820.0 0.00019349599999999998
8825.0 0.000273184
8830.0 0.000547588
8835.0 0.000399554
8840.0 0.000334211
8845.0 -0.000115313
8850.0 0.000298732
8855.0 9.76e-05
8860.0 -8.640000000000001e-05
8865.0 -0.000556882
8870.0 0.00027733799999999997
8875.0 -9.300000000000001e-05
8880.0 -6.809999999999999e-05
8885.0 -2.5300000000000002e-05
8890.0 -0.0005227340000000001
8895.0 0.000250031
8900.0 0.00020209
8905.0 -7.99e-05
8910.0 -7.709999999999999e-05
8915.0 -0.00012132899999999999
8920.0 -0.00018612099999999998
8925.0 0.000116624
8930.0 0.00016933
8935.0 0.000158641
8940.0 0.000208675
8945.0 0.000128084
8950.0 -0.000220919
8955.0 7.23e-05
8960.0 0.00016376299999999998
8965.0 -0.00013177
8970.0 0.000251344
8975.0 0.000192116
8980.0 0.000506895
8985.0 6.43e-05
8990.0 0.000252983
8995.0 0.000208452
9000.0 0.00018821200000000002
9005.0 0.00044399099999999997
9010.0 -2.9100000000000003e-05
9015.0 0.000213897
9020.0 0.000220798
9025.0 0.00045658
9030.0 3.05e-05
9035.0 -0.000229708
9040.0 0.000288057
9045.0 -0.000239373
9050.0 0.00021486099999999997
9055.0 0.000180645
9060.0 -0.00012959
9065.0 0.000233749
9070.0 0.000749746
9075.0 0.000412899
9080.0 -1.15e-05
9085.0 -0.00016696
9090.0 0.000305374
9095.0 0.000505985
9100.0 -0.00033829300000000004
9105.0 0.000389823
9110.0 -9.65e-05
9115.0 7.51e-06
9120.0 1.84e-06
9125.0 0.00041144699999999995
9130.0 0.00016764200000000002
9135.0 -0.000163445
9140.0 0.000199578
9145.0 -0.000287209
9150.0 0.000673685
9155.0 0.00010690700000000001
9160.0 0.000126549
9165.0 0.000151919
9170.0 0.000355611
9175.0 2.9600000000000005e-05
9180.0 -0.000199182
9185.0 0.000129851
9190.0 0.000174747
9195.0 0.000111296
9200.0 0.00027208099999999997
9205.0 7.59e-05
9210.0 1.51e-05
9215.0 -0.000161419
9220.0 -0.00023279599999999998
9225.0 0.000159367
9230.0 0.000348047
9235.0 2.45e-05
9240.0 0.000403145
9245.0 0.000273354
9250.0 -0.000119399
9255.0 0.00038065800000000003
9260.0 4.7600000000000005e-05
9265.0 0.000285397
9270.0 -1.25e-05
9275.0 0.000204472
9280.0 9.699999999999999e-06
9285.0 0.000414537
9290.0 0.000138913
9295.0 -5.720000000000001e-05
9300.0 8.99e-06
9305.0 -0.000150739
9310.0 6.53e-05
9315.0 0.000331051
9320.0 0.00014314700000000002
9325.0 -0.000109328
9330.0 9.8e-05
9335.0 -0.000112233
9340.0 0.000270562
9345.0 0.00024928200000000003
9350.0 0.000316424
9355.0 0.000535711
9360.0 0.0007110819999999999
9365.0 4.52e-05
9370.0 0.00039762099999999997
9375.0 0.000455599
9380.0 -2.12e-05
9385.0 -0.000169502
9390.0 0.00020119
9395.0 -7.03e-05
9400.0 0.000418125
9405.0 7.190000000000001e-05
9410.0 0.00045264400000000004
9415.0 0.000185396
9420.0 -4.77e-05
9425.0 0.000160661
9430.0 0.000270048
9435.0 7.25e-05
9440.0 0.00013921799999999998
9445.0 0.000261681
9450.0 0.00017486599999999998
9455.0 -3.570000000000001e-05
9460.0 0.00016444799999999998
9465.0 1.6e-05
9470.0 1.4599999999999999e-05
9475.0 0.000383331
9480.0 6.04e-05
9485.0 1.0800000000000002e-05
9490.0 0.00038851
9495.0 0.00027979700000000003
9500.0 0.00035720300000000006
9505.0 0.00048155
9510.0 0.000121908
9515.0 0.000645305
9520.0 0.0006690530000000001
9525.0 0.0007492880000000001
9530.0 0.00042430699999999996
9535.0 0.000526441
9540.0 0.0007008110000000001
9545.0 0.001103718
9550.0 0.001398253
9555.0 0.001209871
9560.0 0.0014035739999999999
9565.0 0.000997283
9570.0 0.001621016
9575.0 0.0015815620000000001
9580.0 0.001534883
9585.0 0.0018564329999999998
9590.0 0.002413925
9595.0 0.002196943
9600.0 0.0029817190000000003
9605.0 0.00333425
9610.0 0.004167482
9615.0 0.004475139
9620.0 0.005096507
9625.0 0.00586251
9630.0 0.006279476
9635.0 0.00636459
9640.0 0.005954569
9645.0 0.006051081999999999
9650.0 0.006009738000000001
9655.0 0.00538311
9660.0 0.004673528
9665.0 0.003986959
9670.0 0.0035196740000000004
9675.0 0.003226773
9680.0 0.002495973
9685.0 0.003223855
9690.0 0.002319432
9695.0 0.002141797
9700.0 0.002110728
9705.0 0.002085118
9710.0 0.001714187
9715.0 0.0015893779999999998
9720.0 0.00137475
9725.0 0.001500309
9730.0 0.001692994
9735.0 0.001331388
9740.0 0.0015338720000000001
9745.0 0.001526566
9750.0 0.0014863429999999998
9755.0 0.00147181
9760.0 0.00157579
9765.0 0.001550086
9770.0 0.001564251
9775.0 0.00173709
9780.0 0.001634783
9785.0 0.002324301
9790.0 0.00130492
9795.0 0.0016731329999999998
9800.0 0.001571831
9805.0 0.0015017329999999999
9810.0 0.00154536
9815.0 0.001928051
9820.0 0.0013205720000000001
9825.0 0.001323609
9830.0 0.0007746319999999999
9835.0 0.0017226379999999999
9840.0 0.0014591139999999999
9845.0 0.0010333060000000001
9850.0 0.0006469819999999999
9855.0 0.0013733810000000001
9860.0 0.001283139
9865.0 0.001859028
9870.0 0.00154925
9875.0 0.001615463
9880.0 0.002120817
9885.0 0.001252284
9890.0 0.001797225
9895.0 0.0018037620000000002
9900.0 0.0018836270000000001
9905.0 0.002431462
9910.0 0.0023275170000000003
9915.0 0.002868692
9920.0 0.003148163
9925.0 0.0034189209999999997
9930.0 0.004221555
9935.0 0.004604302
9940.0 0.004528867
9945.0 0.005719876
9950.0 0.006321519
9955.0 0.006417405
9960.0 0.006480298000000001
9965.0 0.007574814
9970.0 0.007807371
9975.0 0.007649759
9980.0 0.008142841
9985.0 0.007695499000000001
9990.0 0.008161606
9995.0 0.007433898
10000.0 0.007184456
10005.0 0.006480369000000001
10010.0 0.005859721
10015.0 0.005484409
10020.0 0.004568794
10025.0 0.004676896
10030.0 0.00414089
10035.0 0.003264558
10040.0 0.0035943409999999996
10045.0 0.003019667
10050.0 0.0029171809999999996
10055.0 0.00235923
10060.0 0.002667852
10065.0 0.00223788
10070.0 0.002128429
10075.0 0.002013999
10080.0 0.0015609579999999999
10085.0 0.00181516
10090.0 0.001552652
10095.0 0.0017018029999999998
10100.0 0.0013358460000000001
10105.0 0.0014460439999999998
10110.0 0.00126162
10115.0 0.0008159430000000001
10120.0 0.001668814
10125.0 0.001323028
10130.0 0.001309275
10135.0 0.001214135
10140.0 0.001345195
10145.0 0.000581604
10150.0 0.001186352
10155.0 0.001343446
10160.0 0.000795629
10165.0 0.000952186
10170.0 0.000588585
10175.0 0.0006951889999999999
10180.0 0.001018402
10185.0 0.000325795
10190.0 0.000305485
10195.0 0.00049191
10200.0 0.001169836
10205.0 0.001047021
10210.0 0.000883717
10215.0 0.0009791539999999999
10220.0 0.000890633
10225.0 0.000758853
10230.0 0.000488125
10235.0 0.0008409919999999999
10240.0 0.000672339
10245.0 0.0006480419999999999
10250.0 0.000732292
10255.0 0.00034571300000000004
10260.0 0.001106597
10265.0 0.00043362
10270.0 0.000877753
10275.0 0.000996057
10280.0 0.001251498
10285.0 0.0007457480000000001
10290.0 0.0013078389999999999
10295.0 0.001072642
10300.0 0.000759353
10305.0 0.000735295
10310.0 0.0009228880000000001
10315.0 0.000754523
10320.0 0.0009155960000000001
10325.0 0.0013251439999999999
10330.0 0.001053773
10335.0 0.0015355
10340.0 0.001486034
10345.0 0.001599805
10350.0 0.0016590110000000002
10355.0 0.0014012470000000002
10360.0 0.001979311
10365.0 0.001558902
10370.0 0.001922532
10375.0 0.00230436
10380.0 0.002233331
10385.0 0.002286097
10390.0 0.002604206
10395.0 0.002473692
10400.0 0.0029370890000000004
10405.0 0.0037253720000000002
10410.0 0.003477687
10415.0 0.00396091
10420.0 0.0043556440000000005
10425.0 0.005582204
10430.0 0.005712846999999999
10435.0 0.006587785
10440.0 0.006994215
10445.0 0.007825499999999999
10450.0 0.008397435
10455.0 0.009645706
10460.0 0.009774861999999999
10465.0 0.010577317
10470.0 0.011487405
10475.0 0.011470636999999999
10480.0 0.01207466
10485.0 0.011678655
10490.0 0.011084983999999999
10495.0 0.011458798000000001
10500.0 0.009840219
10505.0 0.009893901
10510.0 0.009372563
10515.0 0.008777115
10520.0 0.008135456
10525.0 0.006885991
10530.0 0.006667883
10535.0 0.006379642
10540.0 0.0060572659999999995
10545.0 0.005366846999999999
10550.0 0.004704894
10555.0 0.004082794
10560.0 0.004414157
10565.0 0.0042488479999999995
10570.0 0.00437616
10575.0 0.003964277
10580.0 0.004297297
10585.0 0.0034554140000000004
10590.0 0.0032470470000000003
10595.0 0.002912364
10600.0 0.0030767890000000003
10605.0 0.003019898
10610.0 0.002642497
10615.0 0.002886005
10620.0 0.002915354
10625.0 0.0028470740000000002
10630.0 0.002754275
10635.0 0.0027059270000000003
10640.0 0.002903976
10645.0 0.002761832
10650.0 0.002856881
10655.0 0.002922964
10660.0 0.0029573509999999996
10665.0 0.002870658
10670.0 0.003060996
10675.0 0.002820284
10680.0 0.0028545470000000002
10685.0 0.002913201
10690.0 0.0031067290000000003
10695.0 0.002785732
10700.0 0.0030364429999999998
10705.0 0.002842832
10710.0 0.003192258
10715.0 0.003007231
10720.0 0.0034938340000000003
10725.0 0.003678539
10730.0 0.0037251759999999997
10735.0 0.003757387
10740.0 0.004055765
10745.0 0.003908861
10750.0 0.00467381
10755.0 0.004309874
10760.0 0.004286672
10765.0 0.004755673
10770.0 0.005048785
10775.0 0.005334711
10780.0 0.00529656
10785.0 0.005788511999999999
10790.0 0.006078234
10795.0 0.0066758780000000005
10800.0 0.006699953000000001
10805.0 0.007230508
10810.0 0.007764813000000001
10815.0 0.007572904
10820.0 0.008490015
10825.0 0.008605781
10830.0 0.008719203
10835.0 0.008861036
10840.0 0.009132278
10845.0 0.009807928
10850.0 0.00997681
10855.0 0.010028525
10860.0 0.010603287
10865.0 0.010529418
10870.0 0.010279293
10875.0 0.010428701
10880.0 0.010457813
10885.0 0.010267511
10890.0 0.010053702
10895.0 0.00960411
10900.0 0.00914285
10905.0 0.009157476999999999
10910.0 0.008567301
10915.0 0.008265066
10920.0 0.008019895
10925.0 0.006950709
10930.0 0.007182116999999999
10935.0 0.007169181
10940.0 0.007241427
10945.0 0.0065200069999999995
10950.0 0.0061662
10955.0 0.005697735
10960.0 0.005965455
10965.0 0.005789671
10970.0 0.0053687119999999994
10975.0 0.005257682
10980.0 0.005027424
10985.0 0.004858834
10990.0 0.004881814
10995.0 0.004520628
11000.0 0.004277937
11005.0 0.004344665
11010.0 0.0043178209999999995
11015.0 0.004106793
11020.0 0.0039144159999999996
11025.0 0.003903453
11030.0 0.004253103
11035.0 0.003743147
11040.0 0.004031241
11045.0 0.003973174
11050.0 0.0037744059999999997
11055.0 0.003811088
11060.0 0.003588022
11065.0 0.003723336
11070.0 0.003848235
11075.0 0.00364403
11080.0 0.003379832
11085.0 0.004033434
11090.0 0.003546298
11095.0 0.003745005
11100.0 0.003700846
11105.0 0.0037510390000000003
11110.0 0.0037252390000000004
11115.0 0.003407797
11120.0 0.0038741559999999997
11125.0 0.0037652159999999996
11130.0 0.004201318
11135.0 0.003883815
11140.0 0.003919324
11145.0 0.004429525
11150.0 0.004367895
11155.0 0.004267034
11160.0 0.0040846979999999995
11165.0 0.004298818
11170.0 0.005136123
11175.0 0.0049812929999999995
11180.0 0.004696489
11185.0 0.004608102
11190.0 0.004932377
11195.0 0.005435466999999999
11200.0 0.005532987
11205.0 0.005334391
11210.0 0.005600763000000001
11215.0 0.005694648
11220.0 0.005742203
11225.0 0.006289654
11230.0 0.006092599000000001
11235.0 0.006356745
11240.0 0.007072551999999999
11245.0 0.006932508
11250.0 0.00716888
11255.0 0.007436898000000001
11260.0 0.007716843
11265.0 0.007601732
11270.0 0.008027622
11275.0 0.008366702
11280.0 0.008069454
11285.0 0.008498236999999999
11290.0 0.008757926
11295.0 0.008945934000000001
11300.0 0.009245866
11305.0 0.00903037
11310.0 0.009328315
11315.0 0.009630887
11320.0 0.009595774
11325.0 0.010178553
11330.0 0.0095698
11335.0 0.009327849000000001
11340.0 0.009758366
11345.0 0.00960643
11350.0 0.009540756999999999
11355.0 0.009741406
11360.0 0.009693976
11365.0 0.00949465
11370.0 0.00925912
11375.0 0.00912895
11380.0 0.00912132
11385.0 0.008840801
11390.0 0.008553966999999999
11395.0 0.008275152
11400.0 0.008149534
11405.0 0.008274466
11410.0 0.00813073
11415.0 0.007902560999999999
11420.0 0.007443054
11425.0 0.007933475
11430.0 0.007490939
11435.0 0.007642031
11440.0 0.007839371999999999
11445.0 0.0070863969999999995
11450.0 0.006837096
11455.0 0.007093343
11460.0 0.006909728
11465.0 0.006939693
11470.0 0.006219941
11475.0 0.006774532
11480.0 0.006364034
11485.0 0.006709201
11490.0 0.006720232
11495.0 0.006914671999999999
11500.0 0.0068904069999999994
11505.0 0.006231009
11510.0 0.005514934
11515.0 0.006506503
11520.0 0.006384418
11525.0 0.005942264
11530.0 0.0063040480000000005
11535.0 0.006209344
11540.0 0.00616274
11545.0 0.006381075
11550.0 0.0061637969999999995
11555.0 0.006277368
11560.0 0.00604762
11565.0 0.006137951
11570.0 0.0061088290000000005
11575.0 0.005991436
11580.0 0.006284723000000001
11585.0 0.0060675980000000004
11590.0 0.006466605
11595.0 0.006452879
11600.0 0.006444956999999999
11605.0 0.006631448000000001
11610.0 0.006411015999999999
11615.0 0.0065232319999999995
11620.0 0.00677018
11625.0 0.007030916999999999
11630.0 0.007510981999999999
11635.0 0.007181862
11640.0 0.007263392
11645.0 0.0068385930000000004
11650.0 0.007536556
11655.0 0.008108446
11660.0 0.007611028000000001
11665.0 0.008220267
11670.0 0.008348435999999999
11675.0 0.00844729
11680.0 0.00864201
11685.0 0.00939282
11690.0 0.009291819
11695.0 0.009258160999999999
11700.0 0.010085079
11705.0 0.009481857
11710.0 0.010480177
11715.0 0.010899526000000001
11720.0 0.010603648
11725.0 0.01147373
11730.0 0.011753592
11735.0 0.012262046
11740.0 0.013183694
11745.0 0.013762396999999999
11750.0 0.013954973
11755.0 0.014667123
11760.0 0.015233683999999999
11765.0 0.015402776000000002
11770.0 0.016958425
11775.0 0.01714172
11780.0 0.017791966
11785.0 0.018634598999999998
11790.0 0.020145951000000002
11795.0 0.021207541
11800.0 0.022512362999999997
11805.0 0.023279846
11810.0 0.02458938
11815.0 0.02600312
11820.0 0.027004067000000003
11825.0 0.029585939
11830.0 0.031580746
11835.0 0.03340853
11840.0 0.035336025
11845.0 0.037353929
11850.0 0.040000614
11855.0 0.043030784
11860.0 0.046692062
11865.0 0.049385473
11870.0 0.053048505999999995
11875.0 0.057258882000000004
11880.0 0.06138996
11885.0 0.06626834
11890.0 0.071728483
11895.0 0.077718414
11900.0 0.08432200599999999
11905.0 0.09112115900000001
11910.0 0.099855021
11915.0 0.108374551
11920.0 0.118422709
11925.0 0.12992233
11930.0 0.141739234
11935.0 0.15641675900000002
11940.0 0.171296477
11945.0 0.189124286
11950.0 0.20807960600000003
11955.0 0.228920877
11960.0 0.254349351
11965.0 0.279772759
11970.0 0.30877021
11975.0 0.341000795
11980.0 0.376842141
11985.0 0.412544459
11990.0 0.454877049
11995.0 0.499724209
12000.0 0.550765514
12005.0 0.598397195
12010.0 0.647917926
12015.0 0.695278585
12020.0 0.743770838
12025.0 0.79024303
12030.0 0.8314020040000001
12035.0 0.86951524
12040.0 0.900725365
12045.0 0.926065743
12050.0 0.945828378
12055.0 0.95593071
12060.0 0.963440895
12065.0 0.9677692059999999
12070.0 0.9631863829999999
12075.0 0.957853615
12080.0 0.9498680829999999
12085.0 0.939466178
12090.0 0.92348659
12095.0 0.914996684
12100.0 0.9017687440000001
