1900.0 -0.208465293
1905.0 0.016704373
1910.0 0.001144452
1915.0 -0.003410904
1920.0 0.000749294
1925.0 -0.001262653
1930.0 -0.0007703969999999999
1935.0 -1.87e-05
1940.0 0.000595401
1945.0 0.000301909
1950.0 3.2500000000000004e-05
1955.0 0.00043812
1960.0 -0.000158923
1965.0 2.1600000000000003e-05
1970.0 -0.00025262
1975.0 0.000124651
1980.0 -4.6899999999999995e-05
1985.0 -0.00041895400000000003
1990.0 -1.97e-06
1995.0 -0.000142065
2000.0 -1.22e-05
2005.0 0.000375934
2010.0 0.000108939
2015.0 7.69e-05
2020.0 0.00023517099999999997
2025.0 0.000232052
2030.0 1.0800000000000002e-05
2035.0 -0.00020479799999999999
2040.0 -0.000159729
2045.0 0.00014472
2050.0 -0.000261775
2055.0 -3.41e-05
2060.0 3.1e-05
2065.0 0.000255311
2070.0 0.00017613900000000002
2075.0 -2.97e-05
2080.0 6.829999999999999e-05
2085.0 5.59e-05
2090.0 -0.00023437599999999998
2095.0 -8.51e-05
2100.0 -8.75e-06
2105.0 6.78e-05
2110.0 -1.59e-05
2115.0 0.000170028
2120.0 1.3800000000000002e-05
2125.0 8.8e-05
2130.0 9.109999999999999e-05
2135.0 -1.76e-05
2140.0 -6.16e-06
2145.0 6.890000000000001e-05
2150.0 -6.23e-05
2155.0 7.240000000000001e-05
2160.0 3.9200000000000004e-05
2165.0 4.6399999999999996e-05
2170.0 2.65e-06
2175.0 9.72e-06
2180.0 -6.59e-05
2185.0 6.829999999999999e-05
2190.0 0.00023328400000000002
2195.0 8.66e-05
2200.0 0.000129397
2205.0 2.12e-05
2210.0 5.62e-06
2215.0 -1.76e-05
2220.0 -1.34e-05
2225.0 7.219999999999999e-05
2230.0 5.429999999999999e-05
2235.0 9.2e-06
2240.0 -9.91e-06
2245.0 6.71e-06
2250.0 0.00018277700000000002
2255.0 1.28e-05
2260.0 8.78e-06
2265.0 -9.73e-06
2270.0 -2.8199999999999998e-05
2275.0 -8.340000000000001e-05
2280.0 6.6e-05
2285.0 1.52e-05
2290.0 -5.5e-05
2295.0 0.00011674899999999999
2300.0 7.049999999999999e-05
2305.0 6.37e-05
2310.0 5.07e-05
2315.0 6.29e-05
2320.0 -1.92e-05
2325.0 -4.11e-05
2330.0 3.68e-05
2335.0 0.00011460600000000001
2340.0 0.000108047
2345.0 8.22e-05
2350.0 8.64e-06
2355.0 0.00013620399999999999
2360.0 -9.990000000000002e-05
2365.0 -4.7600000000000005e-05
2370.0 -4.35e-05
2375.0 0.000150651
2380.0 -4.3799999999999994e-05
2385.0 7.68e-05
2390.0 4.11e-05
2395.0 0.000141501
2400.0 1.26e-05
2405.0 -0.000127231
2410.0 -6.48e-07
2415.0 1.1599999999999999e-05
2420.0 -8.96e-05
2425.0 4.68e-05
2430.0 -4.23e-05
2435.0 -7.92e-05
2440.0 -2.61e-05
2445.0 3.6200000000000006e-05
2450.0 2.7300000000000003e-05
2455.0 -5.5100000000000004e-05
2460.0 9.63e-05
2465.0 9.68e-05
2470.0 0.000133745
2475.0 -8e-05
2480.0 2.97e-05
2485.0 0.000131244
2490.0 2.35e-05
2495.0 0.000108374
2500.0 -1.4599999999999999e-05
2505.0 8.47e-05
2510.0 -0.000110219
2515.0 4.1899999999999995e-05
2520.0 1.55e-06
2525.0 4.5e-05
2530.0 5.4000000000000005e-05
2535.0 5.98e-05
2540.0 1.0199999999999999e-05
2545.0 -2.1600000000000003e-05
2550.0 -3.16e-06
2555.0 -6.23e-05
2560.0 9e-05
2565.0 -4.41e-05
2570.0 1.01e-05
2575.0 0.00011604700000000001
2580.0 0.000160228
2585.0 -1.73e-05
2590.0 2.26e-05
2595.0 2.2899999999999998e-05
2600.0 3.4399999999999996e-05
2605.0 -1.25e-05
2610.0 8.04e-05
2615.0 7.55e-05
2620.0 -1.7899999999999998e-05
2625.0 -5.07e-05
2630.0 5.73e-06
2635.0 4.1e-05
2640.0 6.28e-05
2645.0 -6.47e-05
2650.0 3.17e-05
2655.0 -0.00012062299999999999
2660.0 -2.27e-05
2665.0 -3.3e-05
2670.0 -5.26e-06
2675.0 -8.94e-05
2680.0 2.0300000000000002e-05
2685.0 3.6099999999999997e-05
2690.0 0.000157298
2695.0 2.3100000000000002e-05
2700.0 4.14e-05
2705.0 -0.000139275
2710.0 -9.340000000000001e-05
2715.0 -0.000145606
2720.0 -0.000120001
2725.0 -0.000187236
2730.0 1.19e-06
2735.0 4.7e-05
2740.0 0.00015639200000000002
2745.0 -6.96e-05
2750.0 0.000103324
2755.0 0.000212283
2760.0 -0.000206566
2765.0 -7.759999999999999e-05
2770.0 9.65e-07
2775.0 4.3e-05
2780.0 5.48e-06
2785.0 -7.01e-05
2790.0 0.00010276299999999999
2795.0 -5.5299999999999996e-05
2800.0 -8.809999999999999e-05
2805.0 -8.37e-05
2810.0 -6.12e-06
2815.0 1.6100000000000002e-05
2820.0 4.7499999999999996e-05
2825.0 0.00011829
2830.0 8.690000000000001e-05
2835.0 0.00016625
2840.0 0.00011149200000000001
2845.0 -9.2e-05
2850.0 -6.720000000000001e-05
2855.0 0.00012681200000000002
2860.0 8.13e-05
2865.0 -0.00011357299999999999
2870.0 -0.00016373899999999999
2875.0 0.000135226
2880.0 5.91e-05
2885.0 4.22e-05
2890.0 0.000103259
2895.0 0.000175265
2900.0 0.00010980299999999999
2905.0 0.000180328
2910.0 8.499999999999999e-05
2915.0 3.5100000000000006e-05
2920.0 3e-06
2925.0 -0.00011376700000000001
2930.0 0.000177623
2935.0 -0.000228187
2940.0 9.22e-05
2945.0 -7.269999999999999e-05
2950.0 0.00015302
2955.0 3.0299999999999998e-05
2960.0 -0.000125602
2965.0 -0.000359971
2970.0 0.000355894
2975.0 -0.000259689
2980.0 5.65e-05
2985.0 8.41e-05
2990.0 8.82e-05
2995.0 0.00017424099999999997
3000.0 -1.3300000000000001e-05
3005.0 0.00023879900000000002
3010.0 -9.39e-05
3015.0 -0.000137578
3020.0 0.000101704
3025.0 0.00019591
3030.0 0.00026362
3035.0 -1.18e-05
3040.0 1.95e-05
3045.0 -0.000348851
3050.0 0.000109798
3055.0 -0.000175052
3060.0 0.000127988
3065.0 8.159999999999999e-05
3070.0 -0.000201849
3075.0 0.00014332399999999999
3080.0 -0.000258448
3085.0 0.000207127
3090.0 -0.00010392299999999999
3095.0 -0.000385518
3100.0 9.31e-05
3105.0 -2.4299999999999998e-05
3110.0 -7.39e-06
3115.0 0.000439608
3120.0 0.000264805
3125.0 -0.0005417530000000001
3130.0 -0.000391393
3135.0 -2.59e-05
3140.0 5.14e-05
3145.0 0.000158065
3150.0 -0.000163887
3155.0 1.34e-05
3160.0 9.32e-05
3165.0 -5.67e-05
3170.0 0.000120169
3175.0 4.57e-05
3180.0 0.0007213969999999999
3185.0 0.00020575599999999997
3190.0 0.00046118300000000005
3195.0 0.00042509199999999996
3200.0 0.00028977
3205.0 6.879999999999999e-05
3210.0 0.000386919
3215.0 9.059999999999999e-05
3220.0 0.0005992230000000001
3225.0 -0.000144957
3230.0 0.000308441
3235.0 0.000750275
3240.0 0.001256991
3245.0 0.0012704910000000001
3250.0 0.002056199
3255.0 0.002439474
3260.0 0.002259156
3265.0 0.000210538
3270.0 2.13e-05
3275.0 -0.000209605
3280.0 0.0005924880000000001
3285.0 -4.88e-05
3290.0 4.93e-06
3295.0 0.0008152439999999999
3300.0 0.000293164
3305.0 -0.000140513
3310.0 0.00072064
3315.0 0.000699348
3320.0 0.000669358
3325.0 0.002127319
3330.0 0.010125432
3335.0 0.01891687
3340.0 0.017158782
3345.0 0.006176475
3350.0 0.001915831
3355.0 0.002914028
3360.0 0.001384999
3365.0 -0.000110029
3370.0 0.000569394
3375.0 -0.000154275
3380.0 -1.49e-05
3385.0 0.000292963
3390.0 -0.000115014
3395.0 -0.00017042900000000002
3400.0 0.000417549
3405.0 -0.000359069
3410.0 -0.00035780800000000004
3415.0 -0.000602185
3420.0 -0.00035859
3425.0 -0.001007633
3430.0 -0.000247045
3435.0 0.000623168
3440.0 0.000201426
3445.0 -4.57e-06
3450.0 -0.00015649
3455.0 0.000630767
3460.0 -4e-05
3465.0 0.000481815
3470.0 -0.000472439
3475.0 8.18e-05
3480.0 0.001010502
3485.0 -0.00032941400000000004
3490.0 -0.0007497280000000001
3495.0 -0.000928212
3500.0 0.000166377
3505.0 0.000537522
3510.0 0.000515681
3515.0 9.31e-05
3520.0 -0.000198805
3525.0 0.00013089700000000002
3530.0 0.000228555
3535.0 0.00019201599999999999
3540.0 3.19e-05
3545.0 9.4e-05
3550.0 0.00012156399999999999
3555.0 -3.929999999999999e-05
3560.0 -6.73e-05
3565.0 0.00010368399999999999
3570.0 4.429999999999999e-05
3575.0 4.210000000000001e-05
3580.0 -7.15e-05
3585.0 -3.73e-05
3590.0 -4.2e-05
3595.0 9.71e-05
3600.0 0.000155902
3605.0 6.99e-06
3610.0 0.00011809
3615.0 -9.08e-05
3620.0 0.00017968599999999997
3625.0 7.57e-05
3630.0 0.000255773
3635.0 0.000210819
3640.0 0.000218445
3645.0 6.47e-05
3650.0 0.00011018200000000001
3655.0 5.1e-05
3660.0 0.000186508
3665.0 0.001634394
3670.0 0.0033274259999999996
3675.0 0.002195537
3680.0 0.001597313
3685.0 0.0022712329999999997
3690.0 0.001946584
3695.0 0.001014168
3700.0 0.001050845
3705.0 0.000894455
3710.0 0.000519323
3715.0 0.00010046399999999999
3720.0 0.000164006
3725.0 0.000142946
3730.0 0.00012879299999999998
3735.0 0.000156487
3740.0 0.000104068
3745.0 -8.36e-05
3750.0 4.51e-05
3755.0 1.3699999999999998e-05
3760.0 -4.26e-05
3765.0 2.7600000000000003e-05
3770.0 -5.7600000000000004e-05
3775.0 5.6000000000000006e-05
3780.0 -1.4800000000000002e-05
3785.0 9.49e-05
3790.0 -7.400000000000001e-06
3795.0 8.53e-05
3800.0 3.12e-05
3805.0 -3.9899999999999994e-05
3810.0 -1.85e-05
3815.0 -7.92e-06
3820.0 -5.52e-06
3825.0 3.19e-05
3830.0 -5.18e-05
3835.0 1.4499999999999998e-05
3840.0 -2.6300000000000002e-05
3845.0 2.05e-05
3850.0 -5.65e-05
3855.0 -7.11e-05
3860.0 -1.06e-05
3865.0 5.8299999999999994e-05
3870.0 6.9e-05
3875.0 1.43e-06
3880.0 7.57e-05
3885.0 -1.85e-05
3890.0 -4.429999999999999e-05
3895.0 -5.34e-06
3900.0 7.91e-05
3905.0 -2.65e-05
3910.0 -9.56e-06
3915.0 1.62e-05
3920.0 6.96e-05
3925.0 -5.1e-05
3930.0 3.5499999999999996e-05
3935.0 -3.53e-05
3940.0 2.26e-05
3945.0 4.05e-05
3950.0 -4.36e-05
3955.0 4.03e-05
3960.0 -4.46e-05
3965.0 9.49e-05
3970.0 2.11e-05
3975.0 8.36e-05
3980.0 -2.1899999999999997e-05
3985.0 -1.06e-05
3990.0 -3.73e-05
3995.0 8.98e-05
4000.0 5.3700000000000004e-05
4005.0 3.96e-05
4010.0 5.8200000000000005e-05
4015.0 9.73e-06
4020.0 1.8e-05
4025.0 1.53e-05
4030.0 -3.07e-05
4035.0 -3.64e-05
4040.0 7.2999999999999996e-06
4045.0 -4.07e-05
4050.0 -2.2100000000000002e-05
4055.0 3.63e-05
4060.0 6.38e-05
4065.0 4.39e-05
4070.0 9.46e-05
4075.0 2.54e-05
4080.0 2.68e-05
4085.0 -4.47e-06
4090.0 6.04e-05
4095.0 6.2e-05
4100.0 0.000211098
4105.0 0.000243827
4110.0 0.00013419999999999998
4115.0 5.21e-05
4120.0 1.5399999999999998e-05
4125.0 2.65e-05
4130.0 3.32e-05
4135.0 3.5e-05
4140.0 0.0012367930000000001
4145.0 0.009992898
4150.0 0.01564605
4155.0 0.007676488
4160.0 0.000281085
4165.0 8.51e-05
4170.0 1.9e-05
4175.0 1.74e-05
4180.0 -3.71e-05
4185.0 6.12e-05
4190.0 -5.6e-06
4195.0 3.79e-05
4200.0 6.32e-05
4205.0 3.38e-06
4210.0 -1.0300000000000001e-05
4215.0 4.27e-06
4220.0 -7.41e-06
4225.0 -1.7199999999999998e-05
4230.0 -2.24e-05
4235.0 -3.65e-05
4240.0 3.75e-06
4245.0 -1.55e-05
4250.0 2.4299999999999998e-05
4255.0 3.2500000000000004e-05
4260.0 6.64e-06
4265.0 3.5e-05
4270.0 -1.4099999999999999e-05
4275.0 -8.81e-06
4280.0 -1.95e-05
4285.0 6.26e-05
4290.0 6.929999999999999e-05
4295.0 7.64e-06
4300.0 4.1200000000000005e-05
4305.0 2.57e-05
4310.0 -1.98e-06
4315.0 -2.61e-05
4320.0 2.64e-05
4325.0 -3.37e-06
4330.0 6.7e-05
4335.0 0.000207386
4340.0 0.000172129
4345.0 8.88e-05
4350.0 7.25e-05
4355.0 6.01e-05
4360.0 7.829999999999999e-05
4365.0 6.66e-06
4370.0 -1.05e-05
4375.0 -2.0300000000000002e-05
4380.0 -7.93e-06
4385.0 1.32e-05
4390.0 4.8200000000000006e-05
4395.0 3.6099999999999997e-05
4400.0 1.67e-07
4405.0 3.63e-05
4410.0 3.72e-05
4415.0 -3.6099999999999997e-05
4420.0 -3.02e-05
4425.0 7.000000000000001e-06
4430.0 4.2499999999999996e-05
4435.0 0.000154473
4440.0 0.000218283
4445.0 0.00015181100000000001
4450.0 5.870000000000001e-05
4455.0 5.21e-06
4460.0 -1.83e-05
4465.0 -2.62e-05
4470.0 -3.09e-05
4475.0 -5.67e-06
4480.0 3.3299999999999996e-05
4485.0 1.7100000000000002e-05
4490.0 2.51e-05
4495.0 9.66e-06
4500.0 4.66e-05
4505.0 5.739999999999999e-05
4510.0 1.31e-05
4515.0 2.54e-05
4520.0 5.59e-06
4525.0 -1.33e-07
4530.0 7.53e-06
4535.0 2.56e-05
4540.0 2.35e-05
4545.0 2.9999999999999997e-05
4550.0 1.52e-05
4555.0 5.07e-06
4560.0 -2.8699999999999996e-05
4565.0 -3.31e-06
4570.0 2.14e-05
4575.0 4.63e-06
4580.0 -2.47e-06
4585.0 1.86e-05
4590.0 7.01e-06
4595.0 4.01e-05
4600.0 -6.12e-06
4605.0 1.4000000000000001e-05
4610.0 1.55e-05
4615.0 9.81e-06
4620.0 3.5499999999999996e-05
4625.0 2.84e-05
4630.0 6.63e-06
4635.0 3.8799999999999994e-05
4640.0 5.21e-05
4645.0 9.18e-05
4650.0 3.81e-05
4655.0 -1.5399999999999998e-05
4660.0 2.1600000000000003e-05
4665.0 5.45e-05
4670.0 0.00016041
4675.0 0.000305615
4680.0 0.000350082
4685.0 0.000220284
4690.0 4.15e-05
4695.0 -8.69e-06
4700.0 -1.44e-06
4705.0 7.51e-06
4710.0 5.64e-06
4715.0 3.53e-05
4720.0 9.340000000000001e-05
4725.0 0.000143637
4730.0 0.000128939
4735.0 0.00015382299999999998
4740.0 0.001564743
4745.0 0.004806372
4750.0 0.005397389
4755.0 0.0021116
4760.0 0.000120901
4765.0 3.4399999999999996e-05
4770.0 4.88e-05
4775.0 3.65e-05
4780.0 6.22e-05
4785.0 8.44e-05
4790.0 9.82e-05
4795.0 9.17e-05
4800.0 5.07e-05
4805.0 0.000112946
4810.0 0.000239477
4815.0 0.00018366400000000002
4820.0 4.9e-05
4825.0 7.8e-06
4830.0 1.7899999999999998e-05
4835.0 1.7199999999999998e-05
4840.0 4.44e-06
4845.0 -1.59e-05
4850.0 -1.27e-06
4855.0 -3.88e-07
4860.0 1.12e-05
4865.0 8.400000000000001e-06
4870.0 2.3800000000000003e-05
4875.0 -1.82e-05
4880.0 2.66e-06
4885.0 1.1e-05
4890.0 5.23e-06
4895.0 1.1599999999999999e-05
4900.0 -1.12e-05
4905.0 -1.65e-05
4910.0 9.709999999999999e-07
4915.0 2.51e-05
4920.0 6.59e-05
4925.0 5.2600000000000005e-05
4930.0 5.9999999999999995e-05
4935.0 7.69e-06
4940.0 3.69e-05
4945.0 -5.02e-06
4950.0 6.97e-06
4955.0 2.7000000000000002e-05
4960.0 5.58e-06
4965.0 8.81e-06
4970.0 2.94e-05
4975.0 3.5499999999999996e-05
4980.0 0.000191116
4985.0 0.000289512
4990.0 0.00010755
4995.0 -1.9699999999999998e-05
5000.0 1.06e-05
5005.0 -9.47e-06
5010.0 -2.21e-06
5015.0 1.12e-05
5020.0 1.28e-05
5025.0 2.6000000000000002e-05
5030.0 4.34e-06
5035.0 3.94e-06
5040.0 -9.159999999999999e-07
5045.0 2.1899999999999997e-05
5050.0 2.84e-05
5055.0 7.49e-05
5060.0 3.5499999999999996e-05
5065.0 2.45e-05
5070.0 6.86e-05
5075.0 0.00010569299999999999
5080.0 9e-05
5085.0 6.07e-05
5090.0 1.3300000000000001e-05
5095.0 1.42e-05
5100.0 7.54e-06
5105.0 1.11e-06
5110.0 1.4099999999999999e-05
5115.0 3.28e-05
5120.0 1.53e-05
5125.0 1.26e-05
5130.0 6.62e-06
5135.0 -8.28e-06
5140.0 1.57e-05
5145.0 1.0800000000000002e-05
5150.0 2.68e-05
5155.0 3.68e-05
5160.0 5.22e-05
5165.0 6.37e-05
5170.0 1.73e-05
5175.0 -6.68e-06
5180.0 2.68e-05
5185.0 2.47e-05
5190.0 0.000129519
5195.0 0.000170295
5200.0 0.00010009
5205.0 4.1899999999999995e-05
5210.0 -8.09e-06
5215.0 -5.28e-06
5220.0 8.62e-06
5225.0 2.22e-05
5230.0 9.83e-07
5235.0 -5.22e-06
5240.0 -1.1900000000000001e-05
5245.0 2.84e-05
5250.0 1.7e-05
5255.0 2.8600000000000004e-05
5260.0 -4.31e-06
5265.0 -2.51e-06
5270.0 -2.25e-06
5275.0 1.06e-05
5280.0 -1.29e-06
5285.0 -2.01e-06
5290.0 -1.98e-06
5295.0 2.9199999999999998e-05
5300.0 7.2e-05
5305.0 3.59e-05
5310.0 5.24e-05
5315.0 3.72e-05
5320.0 4.83e-06
5325.0 1.64e-05
5330.0 1.15e-06
5335.0 -8.16e-06
5340.0 2.0399999999999998e-05
5345.0 5.7000000000000005e-06
5350.0 3.44e-06
5355.0 3.47e-06
5360.0 2.56e-05
5365.0 7.84e-06
5370.0 1.84e-06
5375.0 3.21e-05
5380.0 5.870000000000001e-05
5385.0 9.4e-05
5390.0 7.120000000000001e-05
5395.0 7.28e-05
5400.0 0.00032606599999999996
5405.0 0.0004967390000000001
5410.0 0.000274149
5415.0 4.54e-05
5420.0 2.4299999999999998e-05
5425.0 5.75e-06
5430.0 2.58e-05
5435.0 5.8399999999999997e-05
5440.0 0.00010599299999999999
5445.0 0.000108861
5450.0 0.00014308799999999998
5455.0 6.74e-05
5460.0 3.289999999999999e-05
5465.0 3.9899999999999994e-05
5470.0 1.26e-05
5475.0 7.6e-05
5480.0 6.05e-05
5485.0 4.13e-05
5490.0 3.28e-05
5495.0 3.34e-06
5500.0 1.58e-05
5505.0 -1.13e-05
5510.0 -9.33e-07
5515.0 1.53e-05
5520.0 1.7899999999999998e-05
5525.0 3.98e-06
5530.0 1.7899999999999998e-05
5535.0 1.9699999999999998e-05
5540.0 1.47e-05
5545.0 2.12e-06
5550.0 9.89e-06
5555.0 -9.39e-06
5560.0 3.39e-05
5565.0 -2.53e-06
5570.0 -6.57e-06
5575.0 -5.19e-06
5580.0 7.34e-06
5585.0 7.24e-06
5590.0 -7.2999999999999996e-06
5595.0 -3.95e-06
5600.0 1.58e-05
5605.0 0.00025943900000000003
5610.0 0.000723125
5615.0 0.0007494460000000001
5620.0 0.000265781
5625.0 1.1e-05
5630.0 1.4099999999999999e-05
5635.0 -1.58e-05
5640.0 -2.18e-05
5645.0 -2.94e-05
5650.0 3.65e-06
5655.0 1.34e-05
5660.0 9.800000000000001e-06
5665.0 -5.78e-06
5670.0 2.3899999999999998e-05
5675.0 4.59e-06
5680.0 1.1900000000000001e-05
5685.0 5.66e-06
5690.0 5.02e-06
5695.0 -7.400000000000001e-06
5700.0 -3.4e-05
5705.0 8.13e-06
5710.0 -1.36e-05
5715.0 -3.03e-06
5720.0 1.18e-05
5725.0 2.8600000000000004e-05
5730.0 1.24e-05
5735.0 3.76e-05
5740.0 -2.6e-06
5745.0 2.9600000000000005e-05
5750.0 1.15e-05
5755.0 2.64e-05
5760.0 -5.72e-06
5765.0 1.3300000000000001e-05
5770.0 2.6000000000000002e-05
5775.0 -1.77e-05
5780.0 1.6899999999999997e-05
5785.0 1.3699999999999998e-05
5790.0 -5.58e-06
5795.0 -4.89e-06
5800.0 1.56e-05
5805.0 1.91e-05
5810.0 1.32e-05
5815.0 2.05e-05
5820.0 2.35e-05
5825.0 3.3100000000000005e-05
5830.0 1.1e-05
5835.0 2.3e-05
5840.0 1.39e-05
5845.0 -6.08e-06
5850.0 2.51e-05
5855.0 4.2999999999999995e-06
5860.0 -5.94e-06
5865.0 1.1e-05
5870.0 -4.7600000000000005e-05
5875.0 2.2899999999999998e-05
5880.0 1.0800000000000002e-05
5885.0 1.67e-05
5890.0 1.0300000000000001e-05
5895.0 1.83e-06
5900.0 -9.51e-06
5905.0 2.34e-06
5910.0 1.26e-05
5915.0 7.03e-06
5920.0 3.28e-06
5925.0 1.3000000000000001e-05
5930.0 1.18e-05
5935.0 3.94e-06
5940.0 -2.51e-05
5945.0 5.34e-06
5950.0 -2.24e-07
5955.0 9.37e-06
5960.0 -2.49e-06
5965.0 1.84e-05
5970.0 -1.49e-05
5975.0 5.14e-06
5980.0 -4.7e-06
5985.0 1.29e-05
5990.0 7.69e-06
5995.0 1.98e-05
6000.0 -6.34e-06
6005.0 -3.36e-06
6010.0 1.79e-06
6015.0 5.86e-06
6020.0 1.4099999999999999e-05
6025.0 5.15e-06
6030.0 2.9600000000000005e-05
6035.0 1.7899999999999998e-05
6040.0 7.18e-06
6045.0 1.15e-07
6050.0 -2.01e-06
6055.0 6.11e-05
6060.0 1.3500000000000001e-05
6065.0 1.13e-05
6070.0 -4.46e-06
6075.0 -5.7000000000000005e-06
6080.0 7.13e-06
6085.0 2.77e-06
6090.0 -2.72e-06
6095.0 2.7000000000000002e-05
6100.0 2.75e-06
6105.0 2.6000000000000002e-05
6110.0 6.07e-06
6115.0 1.17e-05
6120.0 2.08e-05
6125.0 3.02e-05
6130.0 -5.01e-06
6135.0 8.54e-06
6140.0 1.23e-05
6145.0 1.21e-05
6150.0 6.7e-05
6155.0 0.00013814399999999998
6160.0 0.000122156
6165.0 3.9899999999999994e-05
6170.0 -2.58e-06
6175.0 -4.85e-06
6180.0 -1.1599999999999999e-05
6185.0 -8.37e-06
6190.0 3.4e-05
6195.0 5.33e-06
6200.0 -4.01e-06
6205.0 2.25e-06
6210.0 2.98e-06
6215.0 -2.04e-06
6220.0 2.7000000000000002e-05
6225.0 2.27e-05
6230.0 1.3000000000000001e-05
6235.0 -7.04e-06
6240.0 9.99e-06
6245.0 3.82e-06
6250.0 4.21e-06
6255.0 -2.78e-06
6260.0 1.4300000000000002e-05
6265.0 2.7000000000000002e-05
6270.0 7.99e-06
6275.0 3.77e-06
6280.0 -1.01e-05
6285.0 1.26e-05
6290.0 -2.06e-06
6295.0 -1.23e-05
6300.0 2.63e-06
6305.0 1.31e-05
6310.0 2.0399999999999998e-05
6315.0 7.18e-05
6320.0 0.000158808
6325.0 0.00011135700000000001
6330.0 5.2000000000000004e-05
6335.0 -1.94e-06
6340.0 3.35e-06
6345.0 1.02e-06
6350.0 1.0199999999999999e-05
6355.0 8.28e-06
6360.0 3.16e-05
6365.0 3.26e-06
6370.0 -9.04e-07
6375.0 9.94e-06
6380.0 -7.53e-06
6385.0 1.1e-05
6390.0 -7.77e-06
6395.0 1.0800000000000002e-05
6400.0 -1.76e-06
6405.0 -2e-07
6410.0 2.0399999999999998e-05
6415.0 1.64e-06
6420.0 7.19e-06
6425.0 2.25e-05
6430.0 4.97e-06
6435.0 6.02e-06
6440.0 3.4e-06
6445.0 -1.98e-06
6450.0 2.2800000000000002e-05
6455.0 1.18e-05
6460.0 -5.14e-06
6465.0 1.95e-05
6470.0 1.42e-05
6475.0 -3e-06
6480.0 7.19e-06
6485.0 1.2e-05
6490.0 7.07e-06
6495.0 3.2200000000000003e-05
6500.0 1.6800000000000002e-05
6505.0 8.01e-05
6510.0 0.000160369
6515.0 0.000108735
6520.0 3.66e-05
6525.0 1.82e-05
6530.0 -1.24e-06
6535.0 3.33e-06
6540.0 -1.52e-05
6545.0 9.68e-06
6550.0 3.13e-06
6555.0 5.78e-06
6560.0 2.8800000000000002e-05
6565.0 2.45e-05
6570.0 -5.46e-06
6575.0 -1.02e-06
6580.0 7.06e-06
6585.0 9.92e-07
6590.0 4.79e-06
6595.0 1.1e-05
6600.0 9.35e-06
6605.0 3.3100000000000005e-05
6610.0 1.21e-05
6615.0 1.34e-05
6620.0 1.75e-05
6625.0 2e-05
6630.0 1.43e-07
6635.0 -6.32e-06
6640.0 -3.95e-06
6645.0 1.53e-05
6650.0 9.559999999999999e-05
6655.0 0.000425572
6660.0 0.0005536440000000001
6665.0 0.00023308099999999997
6670.0 1.39e-05
6675.0 3.52e-06
6680.0 -1.2e-05
6685.0 3.48e-06
6690.0 6.89e-06
6695.0 9.17e-06
6700.0 9.42e-06
6705.0 2.55e-05
6710.0 5.46e-06
6715.0 2.72e-05
6720.0 -1.5399999999999998e-05
6725.0 1.51e-05
6730.0 -7.91e-06
6735.0 8.09e-06
6740.0 1.84e-05
6745.0 2.6899999999999997e-05
6750.0 -8.729999999999999e-07
6755.0 1.53e-05
6760.0 6.66e-06
6765.0 1.15e-05
6770.0 -1.07e-05
6775.0 5.9e-06
6780.0 1.31e-06
6785.0 -1.3000000000000001e-05
6790.0 -3.2e-07
6795.0 1.65e-05
6800.0 -4.7e-06
6805.0 -6.4e-06
6810.0 3.17e-05
6815.0 -3.85e-06
6820.0 -3.58e-06
6825.0 2.49e-05
6830.0 2.2100000000000002e-05
6835.0 7.01e-06
6840.0 -9.56e-06
6845.0 6.34e-06
6850.0 -8.81e-06
6855.0 4.04e-05
6860.0 -2.11e-06
6865.0 -1.0300000000000001e-05
6870.0 1.77e-05
6875.0 -1.95e-05
6880.0 2.29e-06
6885.0 1.2e-06
6890.0 1.32e-05
6895.0 1.3300000000000001e-05
6900.0 3.75e-05
6905.0 4.49e-05
6910.0 -1.2e-05
6915.0 -3.06e-06
6920.0 3.24e-06
6925.0 3.64e-05
6930.0 -1.88e-06
6935.0 2.2e-06
6940.0 9.609999999999999e-05
6945.0 0.000468671
6950.0 0.000707376
6955.0 0.000264465
6960.0 1.13e-05
6965.0 2.0600000000000003e-05
6970.0 -1.4599999999999999e-05
6975.0 -6.69e-06
6980.0 1.13e-05
6985.0 4.8100000000000004e-05
6990.0 1.58e-05
6995.0 2.6300000000000002e-05
7000.0 3.5100000000000006e-05
7005.0 -6.34e-06
7010.0 -2.84e-05
7015.0 -1.86e-06
7020.0 -9.23e-06
7025.0 5e-05
7030.0 -7.88e-06
7035.0 1.9699999999999998e-05
7040.0 4.83e-06
7045.0 -4.74e-06
7050.0 1.4400000000000001e-05
7055.0 4.71e-05
7060.0 -3.3e-05
7065.0 2e-05
7070.0 -4.72e-06
7075.0 2.61e-05
7080.0 -2.1600000000000003e-05
7085.0 -1.24e-05
7090.0 5.9699999999999994e-05
7095.0 9.5e-07
7100.0 -1.48e-06
7105.0 -1.18e-05
7110.0 -5.9699999999999994e-05
7115.0 1e-05
7120.0 -5.5e-05
7125.0 3.01e-05
7130.0 -3.27e-05
7135.0 5.94e-05
7140.0 1.7199999999999998e-05
7145.0 3.8799999999999994e-05
7150.0 -5.67e-06
7155.0 -2.08e-05
7160.0 9.03e-06
7165.0 -7.45e-06
7170.0 2.47e-05
7175.0 8.73e-06
7180.0 7.54e-06
7185.0 -2.46e-05
7190.0 -2.8000000000000003e-05
7195.0 2.78e-06
7200.0 -4.01e-05
7205.0 4.39e-05
7210.0 -5.85e-05
7215.0 5.01e-05
7220.0 4.61e-05
7225.0 3.9899999999999994e-05
7230.0 1.13e-05
7235.0 7.58e-07
7240.0 4.8700000000000005e-05
7245.0 -3.2500000000000004e-05
7250.0 5.07e-05
7255.0 -2.7600000000000003e-05
7260.0 -6.759999999999999e-05
7265.0 2.7899999999999997e-05
7270.0 2.07e-05
7275.0 -3.6700000000000004e-05
7280.0 -4.6e-06
7285.0 -4.6200000000000005e-05
7290.0 2.36e-05
7295.0 7.85e-05
7300.0 2.9999999999999997e-05
7305.0 4.92e-05
7310.0 -5.2e-06
7315.0 3.3e-05
7320.0 3.65e-05
7325.0 1.86e-05
7330.0 8.379999999999999e-05
7335.0 9.67e-06
7340.0 1.77e-05
7345.0 9.75e-05
7350.0 0.00011778
7355.0 3.47e-05
7360.0 2.68e-05
7365.0 0.000142187
7370.0 6.97e-05
7375.0 0.000199879
7380.0 1.29e-05
7385.0 5.07e-05
7390.0 4.2e-05
7395.0 4.31e-06
7400.0 4.3700000000000005e-05
7405.0 0.000132917
7410.0 0.000170608
7415.0 0.00036116
7420.0 0.000412844
7425.0 0.000602333
7430.0 0.00087901
7435.0 0.001061473
7440.0 0.001179586
7445.0 0.001118695
7450.0 0.000990246
7455.0 0.000841052
7460.0 0.000836182
7465.0 0.000834368
7470.0 0.000675374
7475.0 0.000502779
7480.0 0.000430694
7485.0 0.000318325
7490.0 0.000234687
7495.0 0.00010759999999999999
7500.0 9.93e-05
7505.0 7.509999999999998e-05
7510.0 0.00015811
7515.0 1.74e-05
7520.0 0.000150278
7525.0 7.890000000000001e-05
7530.0 6.63e-05
7535.0 6.23e-05
7540.0 0.00010364
7545.0 0.00013172799999999998
7550.0 4.8e-05
7555.0 1.04e-05
7560.0 4.6200000000000005e-05
7565.0 6.55e-05
7570.0 -0.00011975700000000001
7575.0 0.000151621
7580.0 2.1600000000000003e-05
7585.0 3.53e-05
7590.0 9.7e-05
7595.0 2.9299999999999997e-05
7600.0 0.000116425
7605.0 0.000192885
7610.0 0.000285471
7615.0 0.000372153
7620.0 0.000702457
7625.0 0.000831351
7630.0 0.00041846300000000005
7635.0 0.00032328099999999997
7640.0 0.00040956300000000005
7645.0 0.00012119399999999999
7650.0 6.96e-05
7655.0 0.00014032200000000002
7660.0 -8.690000000000001e-05
7665.0 4.0600000000000004e-05
7670.0 -2.11e-05
7675.0 2.37e-05
7680.0 0.000115792
7685.0 0.000128095
7690.0 5.65e-05
7695.0 -4.29e-05
7700.0 0.000117549
7705.0 3.11e-05
7710.0 0.000282268
7715.0 0.00016112399999999998
7720.0 -1.27e-05
7725.0 4.5600000000000004e-05
7730.0 3.3299999999999996e-05
7735.0 0.00022769
7740.0 0.000172603
7745.0 0.00016513200000000002
7750.0 0.000299677
7755.0 9.04e-05
7760.0 0.000146644
7765.0 -3.87e-05
7770.0 0.000178879
7775.0 8.32e-05
7780.0 0.000349811
7785.0 0.00013998
7790.0 0.000187183
7795.0 -1.4300000000000002e-05
7800.0 1.63e-05
7805.0 -4.39e-05
7810.0 9.41e-05
7815.0 5.91e-05
7820.0 -2.49e-05
7825.0 4.95e-05
7830.0 -3.4399999999999996e-05
7835.0 5.3500000000000006e-05
7840.0 0.000111446
7845.0 0.000113324
7850.0 0.000119161
7855.0 0.0003363
7860.0 -3.4399999999999996e-05
7865.0 -2.68e-05
7870.0 0.000380471
7875.0 0.00020692
7880.0 0.00041098199999999995
7885.0 0.000538765
7890.0 0.000409464
7895.0 -6.34e-05
7900.0 1.0199999999999999e-05
7905.0 0.000136358
7910.0 0.00018486200000000002
7915.0 7.390000000000001e-05
7920.0 7.91e-05
7925.0 0.000101703
7930.0 -4.45e-05
7935.0 5.429999999999999e-05
7940.0 -7.609999999999999e-05
7945.0 0.00013308299999999999
7950.0 -9.259999999999999e-05
7955.0 0.000140006
7960.0 7.36e-05
7965.0 0.000146848
7970.0 0.00029181599999999997
7975.0 0.000211172
7980.0 -7.120000000000001e-05
7985.0 0.000213453
7990.0 0.000145311
7995.0 0.000333385
8000.0 0.000843385
8005.0 0.000588008
8010.0 0.000493815
8015.0 0.000544065
8020.0 0.000549286
8025.0 0.00025144400000000003
8030.0 0.00018277599999999997
8035.0 0.000134939
8040.0 0.000328742
8045.0 0.000393668
8050.0 0.000132737
8055.0 0.000136775
8060.0 1.33e-06
8065.0 -0.000224645
8070.0 -0.000216707
8075.0 -4.83e-05
8080.0 -0.000307528
8085.0 -0.00015445700000000002
8090.0 0.000236911
8095.0 1.87e-05
8100.0 5.16e-05
8105.0 -0.000277632
8110.0 -0.00018973
8115.0 5.7999999999999994e-05
8120.0 0.000327462
8125.0 5.98e-05
8130.0 0.00014766
8135.0 -0.000111842
8140.0 1.8e-05
8145.0 0.000125423
8150.0 2.8000000000000003e-05
8155.0 0.00010227200000000001
8160.0 0.000560693
8165.0 1.89e-05
8170.0 0.000706751
8175.0 0.00047317199999999995
8180.0 0.000458646
8185.0 0.00028482299999999997
8190.0 0.00033861
8195.0 0.000124104
8200.0 0.000442724
8205.0 -7.900000000000001e-05
8210.0 0.000685882
8215.0 0.000601117
8220.0 6.879999999999999e-05
8225.0 0.000231523
8230.0 7.97e-05
8235.0 0.00035230099999999996
8240.0 0.00010182
8245.0 0.00040236199999999997
8250.0 -0.00033491
8255.0 0.0007178660000000001
8260.0 0.000572501
8265.0 0.000562959
8270.0 0.000548469
8275.0 0.000609093
8280.0 0.000298952
8285.0 0.001032147
8290.0 0.001009008
8295.0 0.001264434
8300.0 0.001510896
8305.0 0.002344932
8310.0 0.003228715
8315.0 0.004475317
8320.0 0.007422444
8325.0 0.011309307
8330.0 0.017490894
8335.0 0.02803817
8340.0 0.04542847
8345.0 0.078689128
8350.0 0.13482596
8355.0 0.241797835
8360.0 0.44518971399999996
8365.0 0.8155708909999999
8370.0 1.564070225
8375.0 2.8203549389999996
8380.0 4.435089111
8385.0 6.966850758
8390.0 12.0114975
8395.0 20.4835968
8400.0 33.98033142
8405.0 52.26810074
8410.0 69.87006378
8415.0 83.33094788
8420.0 92.03484344
8425.0 96.43531036
8430.0 98.28118896
8435.0 98.92977905
8440.0 98.63716125
8445.0 98.41654205
8450.0 97.85003662
8455.0 97.78273773
8460.0 97.43679047
8465.0 97.31977844
8470.0 97.45926666
8475.0 97.9484787
8480.0 98.21405029
8485.0 98.29520416
8490.0 98.60717009999999
8495.0 98.72743988
8500.0 98.65185547
8505.0 99.3030777
8510.0 99.14340973
8515.0 99.29319763
8520.0 99.27999115
8525.0 98.94527435
8530.0 99.43458557
8535.0 99.01469421
8540.0 99.09648132
8545.0 99.0778656
8550.0 98.72533417
8555.0 98.84449005
8560.0 98.59305573
8565.0 98.40792084
8570.0 98.48072815
8575.0 99.09828186
8580.0 98.53494263
8585.0 99.06275177
8590.0 99.12941742
8595.0 98.76615143
8600.0 98.9940567
8605.0 98.99298859
8610.0 99.17986298
8615.0 99.20603943
8620.0 99.12169647
8625.0 99.18762207
8630.0 99.01502228
8635.0 98.97658539
8640.0 99.20365906
8645.0 98.88459015
8650.0 98.80312347
8655.0 98.73470306
8660.0 98.76818848
8665.0 98.67326355
8670.0 98.71364594
8675.0 98.62427521
8680.0 98.5478363
8685.0 98.37632751
8690.0 98.61385345
8695.0 98.42901611
8700.0 98.56781006
8705.0 98.74531555
8710.0 98.49123383
8715.0 98.53869629
8720.0 98.49078369
8725.0 98.76174164
8730.0 98.73278046
8735.0 98.372612
8740.0 98.64527893
8745.0 98.51542664
8750.0 98.45691681
8755.0 98.84391785
8760.0 98.77167511
8765.0 98.47575378
8770.0 98.60211945
8775.0 98.66112518
8780.0 98.57645416
8785.0 98.65280914
8790.0 98.83604431
8795.0 98.95707703
8800.0 98.72631073
8805.0 99.02977753
8810.0 98.92800140000001
8815.0 99.07901764
8820.0 99.2818985
8825.0 99.04950714
8830.0 98.8109436
8835.0 99.04268646
8840.0 98.95817566
8845.0 99.19533539
8850.0 99.13607788
8855.0 98.78434753
8860.0 98.75767517
8865.0 98.72880554
8870.0 98.71588135
8875.0 98.9690094
8880.0 98.94699097
8885.0 98.81911469
8890.0 98.69309998
8895.0 98.86238098
8900.0 98.63225555
8905.0 98.81195068
8910.0 99.00843048
8915.0 98.71974945
8920.0 98.97264099
8925.0 98.88572693
8930.0 98.83574677
8935.0 98.84669495
8940.0 98.86238861
8945.0 98.84426117
8950.0 98.96042633
8955.0 99.13023376
8960.0 99.02574158
8965.0 98.86165619
8970.0 99.13381195
8975.0 99.04971313
8980.0 98.88026428
8985.0 98.91723633
8990.0 99.04781342
8995.0 98.8651886
9000.0 98.80802917
9005.0 98.43003845
9010.0 98.75923157
9015.0 98.99369049
9020.0 99.22808838
9025.0 98.76998901
9030.0 98.90448761
9035.0 98.8273468
9040.0 98.97924042
9045.0 98.86712646
9050.0 99.09248352
9055.0 98.97817993
9060.0 99.18367004
9065.0 99.1437912
9070.0 99.05802917
9075.0 99.28379059
9080.0 98.99304199
9085.0 98.87553406
9090.0 99.20742798
9095.0 98.97635651
9100.0 99.12345123
9105.0 99.07530212
9110.0 99.05456543
9115.0 99.04213715
9120.0 98.947052
9125.0 99.01977539
9130.0 98.91265869
9135.0 98.95066833
9140.0 99.23599243
9145.0 99.17453766
9150.0 99.2780304
9155.0 99.32277679
9160.0 99.19016266
9165.0 99.26797485
9170.0 99.20980072
9175.0 99.04654694
9180.0 99.14794159
9185.0 99.05126953
9190.0 99.1966095
9195.0 99.33082581
9200.0 99.12876129
9205.0 99.08338165
9210.0 99.24222565
9215.0 99.35800171
9220.0 98.95794678
9225.0 99.11545563
9230.0 99.14267731
9235.0 98.99012756
9240.0 98.76029968
9245.0 98.90357208
9250.0 98.86075592
9255.0 98.92703247
9260.0 99.21347809
9265.0 99.07516479
9270.0 99.18763733
9275.0 98.95936584
9280.0 99.07616425
9285.0 98.97525024
9290.0 99.10194397
9295.0 99.1838913
9300.0 98.98757172
9305.0 99.16906738
9310.0 99.22825623
9315.0 99.00679779
9320.0 99.35207367
9325.0 99.14642334
9330.0 99.13365173
9335.0 98.82276917
9340.0 99.27164459
9345.0 98.83434296
9350.0 99.21469116
9355.0 99.63324738
9360.0 99.13300323
9365.0 99.28054809999999
9370.0 99.08352661
9375.0 99.33482361
9380.0 99.1076355
9385.0 99.4003067
9390.0 99.02622986
9395.0 99.126091
9400.0 99.11421967
9405.0 99.16456604
9410.0 98.97709656
9415.0 99.13811493
9420.0 99.04718781
9425.0 98.99521637
9430.0 98.85932922
9435.0 98.96661377
9440.0 98.99940491
9445.0 99.31794739
9450.0 98.87355804
9455.0 98.91159821
9460.0 98.95595551
9465.0 99.10942078
9470.0 99.02198029
9475.0 99.32809448
9480.0 99.00810242
9485.0 99.34931183
9490.0 99.59012604
9495.0 98.95565033
9500.0 99.1015625
9505.0 98.96147156
9510.0 99.09983063
9515.0 99.31466675
9520.0 99.13397217
9525.0 99.05249786
9530.0 99.39147949
9535.0 99.02413940000001
9540.0 99.28379822
9545.0 99.18121338
9550.0 99.05522156
9555.0 99.1510849
9560.0 99.16628265
9565.0 99.20655823
9570.0 99.22158813
9575.0 99.45350647
9580.0 99.29301453
9585.0 99.06344604
9590.0 99.01686096
9595.0 98.92597961
9600.0 99.03902435
9605.0 99.2234726
9610.0 99.35792542
9615.0 98.92510223
9620.0 99.21959686
9625.0 98.89001465
9630.0 98.8499527
9635.0 98.97708893
9640.0 99.13968658
9645.0 99.14860535
9650.0 99.05285645
9655.0 99.20667267
9660.0 99.37551117
9665.0 98.93121338
9670.0 99.05741119
9675.0 99.06860352
9680.0 99.16332245
9685.0 99.15973663
9690.0 99.20304871
9695.0 98.96642303
9700.0 98.92256927
9705.0 98.72930145
9710.0 98.82962036
9715.0 98.96682739
9720.0 98.78174591
9725.0 98.83440399
9730.0 98.94980621
9735.0 98.77851868
9740.0 99.18399811
9745.0 99.01883698
9750.0 99.13800049
9755.0 98.87718201
9760.0 98.92274475
9765.0 98.7789917
9770.0 98.5627594
9775.0 98.45859528
9780.0 98.08473206
9785.0 98.54571533
9790.0 97.76819611
9795.0 97.5136261
9800.0 96.87641907
9805.0 96.68066406
9810.0 96.53388214
9815.0 96.29792786
9820.0 96.54892731
9825.0 96.9283905
9830.0 97.37020111
9835.0 97.95635986
9840.0 98.4077301
9845.0 98.94495392
9850.0 98.7011261
9855.0 98.10018158
9860.0 96.45904541
9865.0 93.99111938
9870.0 91.96905518
9875.0 89.56912994
9880.0 86.93639374
9885.0 84.26074219
9890.0 78.65209961
9895.0 68.56238556
9900.0 53.3231926
9905.0 36.29979706
9910.0 22.43851662
9915.0 13.29267311
9920.0 7.717571259
9925.0 4.438307285
9930.0 2.696122646
9935.0 1.6508998869999998
9940.0 1.054940343
9945.0 0.6923275590000001
9950.0 0.465047836
9955.0 0.318820447
9960.0 0.225582883
9965.0 0.16282247
9970.0 0.120566376
9975.0 0.090172984
9980.0 0.06922784400000001
9985.0 0.053140007
9990.0 0.042318799000000004
9995.0 0.03357774
10000.0 0.027512732999999998
10005.0 0.022775137999999997
10010.0 0.018662049
10015.0 0.015807431
10020.0 0.013530863999999998
10025.0 0.011589943
10030.0 0.010460236
10035.0 0.009032527
10040.0 0.008205164000000001
10045.0 0.007208226999999999
10050.0 0.006407911999999999
10055.0 0.005773011
10060.0 0.005357481
10065.0 0.005002583
10070.0 0.004473282
10075.0 0.004306438
10080.0 0.003721501
10085.0 0.003966133
10090.0 0.003258241
10095.0 0.003277262
10100.0 0.002901392
10105.0 0.0026597079999999998
10110.0 0.002079234
10115.0 0.002518982
10120.0 0.0020198670000000003
10125.0 0.001797094
10130.0 0.001299933
10135.0 0.0012546
10140.0 0.001246662
10145.0 0.001110826
10150.0 0.001234015
10155.0 0.001337967
10160.0 0.001046246
10165.0 0.0007274180000000001
10170.0 0.0007335730000000001
10175.0 0.0006907660000000001
10180.0 0.000991001
10185.0 0.00081549
10190.0 0.000260333
10195.0 0.000921046
10200.0 0.000682015
10205.0 0.000634004
10210.0 0.000471797
10215.0 0.000848045
10220.0 0.000569222
10225.0 0.000544807
10230.0 0.001185131
10235.0 0.000519465
10240.0 0.001017738
10245.0 0.000925728
10250.0 0.0014092529999999999
10255.0 0.00139809
10260.0 0.001808256
10265.0 0.0012891439999999999
10270.0 0.001678749
10275.0 0.001245606
10280.0 0.001961402
10285.0 0.001232057
10290.0 0.0008393089999999999
10295.0 0.000957999
10300.0 0.0009785660000000002
10305.0 0.000742371
10310.0 0.000857157
10315.0 0.001131027
10320.0 0.000397065
10325.0 0.001040788
10330.0 0.00046997699999999995
10335.0 0.000506651
10340.0 0.00089624
10345.0 6.330000000000001e-05
10350.0 0.000374835
10355.0 0.0007425139999999999
10360.0 0.0009536039999999999
10365.0 0.000914003
10370.0 0.000851003
10375.0 0.0008355719999999999
10380.0 0.000824022
10385.0 0.0014478420000000002
10390.0 0.001701326
10395.0 0.002529831
10400.0 0.0036279759999999998
10405.0 0.005399190999999999
10410.0 0.0070334840000000004
10415.0 0.008953827
10420.0 0.008749092
10425.0 0.007347866
10430.0 0.0054603130000000005
10435.0 0.0041759909999999996
10440.0 0.002840525
10445.0 0.002443647
10450.0 0.002357755
10455.0 0.0018493589999999999
10460.0 0.001888069
10465.0 0.00164269
10470.0 0.001313693
10475.0 0.0015448979999999998
10480.0 0.002093671
10485.0 0.00229182
10490.0 0.002563339
10495.0 0.003182215
10500.0 0.00470634
10505.0 0.005788463000000001
10510.0 0.008363966
10515.0 0.010395451
10520.0 0.008980166999999999
10525.0 0.005863369
10530.0 0.0037222740000000002
10535.0 0.002094155
10540.0 0.001630044
10545.0 0.00146468
10550.0 0.001103276
10555.0 0.00107741
10560.0 0.000669537
10565.0 0.000419382
10570.0 0.000515731
10575.0 5.93e-05
10580.0 0.000694238
10585.0 0.00012987600000000001
10590.0 0.000442934
10595.0 0.00046081199999999995
10600.0 0.0007311069999999999
10605.0 0.00046065300000000005
10610.0 0.00023396
10615.0 0.000389297
10620.0 0.000549872
10625.0 0.00037553300000000005
10630.0 0.000197362
10635.0 0.00039400199999999996
10640.0 0.000280215
10645.0 0.000276365
10650.0 0.000161401
10655.0 0.000439079
10660.0 0.000293829
10665.0 0.000497197
10670.0 -9.1e-05
10675.0 0.000569981
10680.0 0.000303985
10685.0 -0.000170805
10690.0 0.000474731
10695.0 -0.00046935300000000004
10700.0 -0.00025132400000000004
10705.0 0.000266839
10710.0 6.01e-05
10715.0 0.000374359
10720.0 0.000113226
10725.0 3.8299999999999996e-05
10730.0 0.000170705
10735.0 0.00019177299999999998
10740.0 0.000197703
10745.0 -0.0001871
10750.0 0.000323881
10755.0 0.00042742800000000004
10760.0 0.00044182
10765.0 0.000102782
10770.0 0.000337655
10775.0 0.00038670800000000004
10780.0 0.000597027
10785.0 0.001142706
10790.0 0.001328572
10795.0 0.0013502260000000002
10800.0 0.001184261
10805.0 0.0012483560000000002
10810.0 0.000594927
10815.0 0.001037789
10820.0 0.00059598
10825.0 0.000336252
10830.0 0.00064411
10835.0 0.000809842
10840.0 0.0007015
10845.0 0.00013568
10850.0 0.000108384
10855.0 0.000231481
10860.0 0.000513809
10865.0 1.2e-05
10870.0 0.000912556
10875.0 0.0005021930000000001
10880.0 0.00083418
10885.0 0.000714358
10890.0 0.000666676
10895.0 0.000674296
10900.0 0.001134767
10905.0 0.001379564
10910.0 0.001682892
10915.0 0.0022223570000000003
10920.0 0.0018300329999999998
10925.0 0.00197294
10930.0 0.001768513
10935.0 0.000724118
10940.0 0.001175333
10945.0 0.000278933
10950.0 0.000151299
10955.0 0.0006999069999999999
10960.0 0.000568418
10965.0 0.000454356
10970.0 0.000139971
10975.0 0.000697861
10980.0 0.000576835
10985.0 0.0006938210000000001
10990.0 0.0010602489999999999
10995.0 -6.440000000000001e-05
11000.0 0.00034537300000000006
11005.0 0.0005067369999999999
11010.0 0.00013830600000000001
11015.0 0.001086557
11020.0 0.000833
11025.0 0.001342134
11030.0 0.001532811
11035.0 0.001769826
11040.0 0.00202946
11045.0 0.001803556
11050.0 0.0018163279999999999
11055.0 0.000651511
11060.0 0.0011953760000000002
11065.0 0.000680525
11070.0 0.0006904910000000001
11075.0 0.000278425
11080.0 0.00035111
11085.0 0.0007156560000000001
11090.0 0.000120066
11095.0 0.000404813
11100.0 0.00027885
11105.0 0.00045140400000000003
11110.0 0.000574382
11115.0 0.00037407900000000003
11120.0 0.000245259
11125.0 -0.000167872
11130.0 0.000438588
11135.0 0.000618233
11140.0 0.000299226
11145.0 5.22e-05
11150.0 0.000488695
11155.0 -6.720000000000001e-05
11160.0 0.000263455
11165.0 0.00040288
11170.0 0.000215637
11175.0 0.00037089400000000003
11180.0 0.00024922400000000004
11185.0 0.000553333
11190.0 0.00075722
11195.0 0.000681304
11200.0 0.000810588
11205.0 0.001321031
11210.0 0.000620986
11215.0 0.0007322419999999999
11220.0 0.0008630389999999999
11225.0 0.00092137
11230.0 0.000961097
11235.0 0.000721862
11240.0 0.000471756
11245.0 0.000548392
11250.0 0.000521331
11255.0 0.000227501
11260.0 0.00026923400000000003
11265.0 0.000427331
11270.0 0.000611752
11275.0 -0.000138778
11280.0 0.000233884
11285.0 0.00044050400000000004
11290.0 8.640000000000001e-05
11295.0 -9.070000000000001e-05
11300.0 0.00011981200000000001
11305.0 0.0008654989999999999
11310.0 0.00032034
11315.0 0.000614691
11320.0 0.00042236
11325.0 0.001193325
11330.0 0.000603285
11335.0 0.0007420819999999999
11340.0 0.00045697099999999997
11345.0 0.0006711439999999999
11350.0 0.000289291
11355.0 0.000473171
11360.0 0.000247897
11365.0 0.0008146010000000001
11370.0 0.000308722
11375.0 -5.66e-06
11380.0 0.000673051
11385.0 0.00020847299999999998
11390.0 0.000518075
11395.0 5.3700000000000004e-05
11400.0 0.00011389
11405.0 0.000419841
11410.0 0.0006752910000000001
11415.0 -0.000258033
11420.0 -1.25e-05
11425.0 0.000114294
11430.0 3.1e-06
11435.0 0.000406245
11440.0 0.000436199
11445.0 -9.77e-05
11450.0 -4.1e-05
11455.0 7.950000000000001e-05
11460.0 0.0006025480000000001
11465.0 0.000418442
11470.0 0.000469946
11475.0 0.00013189200000000002
11480.0 0.000273798
11485.0 -5.1e-05
11490.0 2.8199999999999998e-05
11495.0 0.000302065
11500.0 -2.0300000000000002e-05
11505.0 0.0006908
11510.0 0.00018519
11515.0 9.990000000000002e-05
11520.0 0.000181316
11525.0 -3.2e-05
11530.0 0.000339549
11535.0 0.00037219
11540.0 -1.0300000000000001e-05
11545.0 4.01e-05
11550.0 0.000141182
11555.0 0.000428169
11560.0 0.00019072799999999998
11565.0 -4.36e-05
11570.0 -8.609999999999999e-05
11575.0 0.000335988
11580.0 -8.97e-06
11585.0 7.96e-06
11590.0 0.000297673
11595.0 2.27e-05
11600.0 -2.14e-05
11605.0 -5.24e-05
11610.0 0.000169766
11615.0 0.00041469900000000004
11620.0 4e-05
11625.0 0.000394765
11630.0 0.0006599739999999999
11635.0 0.00034207800000000005
11640.0 0.00020915700000000002
11645.0 0.00036336
11650.0 0.000264552
11655.0 0.000549776
11660.0 0.000320437
11665.0 0.000314276
11670.0 0.000284201
11675.0 -9.690000000000001e-05
11680.0 -1.85e-05
11685.0 0.000513031
11690.0 0.000252801
11695.0 0.000695568
11700.0 0.00042122199999999996
11705.0 0.000411665
11710.0 0.000364591
11715.0 -0.00023382900000000001
11720.0 0.00037268699999999996
11725.0 0.000232799
11730.0 -0.00012090399999999999
11735.0 0.00045434800000000003
11740.0 0.000298759
11745.0 0.0004891730000000001
11750.0 -0.000177293
11755.0 0.0007791230000000001
11760.0 -3.54e-05
11765.0 0.000226807
11770.0 0.000347321
11775.0 0.00010621
11780.0 0.00033205699999999997
11785.0 0.00024562200000000003
11790.0 0.000260882
11795.0 0.000131973
11800.0 0.000127209
11805.0 0.000361128
11810.0 0.000146865
11815.0 0.000447639
11820.0 0.0009733089999999999
11825.0 0.0007425239999999999
11830.0 0.000507289
11835.0 0.000686467
11840.0 0.0007754460000000001
11845.0 0.0007854639999999999
11850.0 0.000666551
11855.0 0.00046468199999999995
11860.0 0.000476399
11865.0 0.000490676
11870.0 0.0005449340000000001
11875.0 0.000272691
11880.0 0.00010585299999999999
11885.0 0.000890287
11890.0 0.000169968
11895.0 0.0006415030000000001
11900.0 0.0008634010000000001
11905.0 0.000493734
11910.0 0.000384907
11915.0 0.0009233860000000001
11920.0 0.000494937
11925.0 0.0007263269999999999
11930.0 0.00011758600000000001
11935.0 0.0009693389999999999
11940.0 0.000502851
11945.0 0.000448691
11950.0 0.000866088
11955.0 0.000422211
11960.0 0.00046902300000000005
11965.0 0.000705703
11970.0 -3.24e-05
11975.0 0.00028412
11980.0 0.000444392
11985.0 0.00033566900000000003
11990.0 0.00029261799999999997
11995.0 0.000301076
12000.0 0.00010941700000000001
12005.0 0.000206144
12010.0 0.0004973509999999999
12015.0 0.000259472
12020.0 0.000613371
12025.0 0.000641172
12030.0 1.5399999999999998e-05
12035.0 4e-05
12040.0 0.000120121
12045.0 0.000309135
12050.0 0.0006542319999999999
12055.0 0.000419746
12060.0 0.000615751
12065.0 0.00040596
12070.0 0.000239377
12075.0 0.00037051
12080.0 0.000151474
12085.0 0.000331785
12090.0 0.000656585
12095.0 0.00018088599999999998
12100.0 0.000751221
